    0.113032531027389073E-25   -0.978999133101955813E+05   -0.856847057700992010E+00   -0.654568112519485545E+00    0.637189038112207840E+00    0.502306311297059267E+02    0.494563286848860528E+00    0.498798143703064849E-02    0.129915728074498316E+01    0.631846618057886056E-01    0.967592505597464000E-02    0.745231504019833846E+00    0.106314724482059447E+03    0.705048834144362591E+00   -0.315110397209028142E-01   -0.350813549576734010E-01    0.673575583778401432E+00    0.676687019850420910E+02    0.636551835246137454E-01    0.416366118486701797E+00
    0.118324173314534397E-72   -0.976835618163075851E+05   -0.119868271321488362E+01    0.143721287643632678E+00    0.369921464411169021E+00    0.584614676911974129E+02    0.595000162693071988E+00    0.341018074759544751E-01    0.140780457354204724E+01   -0.379764251721541888E-02   -0.169376791603156052E+00    0.684674879074570919E+00    0.610570302742226048E+02    0.645120471924021999E+00    0.346218858414511152E-01   -0.704171755997358290E-01    0.753279776017421687E+00    0.107591287714314049E+03    0.473261540179509693E-01    0.510501790530506927E+00
    0.181421242821690181E-52   -0.977765200071203144E+05    0.297634334391069899E+00    0.761493331208616508E+00    0.452823930948959452E+00    0.904697595617843433E+02    0.172061933769298014E+00    0.343379787371265593E-01    0.356791479942465983E+01   -0.160863293909333044E+00    0.142746894678323355E+00    0.740740970117069519E+00    0.187385478851733929E+02    0.722782174772853114E+00   -0.175816835562781354E-01    0.442503617531735879E-01    0.722207486511063701E+00    0.170342970220469056E+03    0.522944441067867832E-01    0.471103355920090894E+00
    0.800238058339903411E-39   -0.978393553947794426E+05   -0.157556730426990171E+00   -0.119385659330030300E+00    0.481072604205705856E+00    0.161853232714021203E+03    0.691191817022317190E-01    0.170749261105245881E+00    0.492009255387820499E+01   -0.120898183964946684E+00    0.130706229844342464E+00    0.579433905671105531E+00    0.940220683626128988E+02    0.762778793407791866E+00   -0.814511648676895933E-01    0.584454548487699926E-01    0.813929220593009761E+00    0.116795295785454115E+03    0.588354648119019802E-01    0.416821773828259912E+00
    0.998680267582568781E+00   -0.980194000828702265E+05   -0.213925709627875743E+00   -0.967668033591772836E-01    0.622676240461765618E+00    0.174775169117054901E+03    0.336226120010370944E+00    0.705523885750887758E-01    0.351521973225040085E+01   -0.470175492146670537E-01   -0.186843968333417709E+00    0.758608545725569572E+00    0.159524264097830326E+03    0.722234030286762918E+00    0.455755779029769631E-01   -0.252207784847494447E-01    0.669660084056671434E+00    0.154329145152158389E+03    0.639513596917697658E-01    0.394815743027919663E+00
    0.565676771494510215E-56   -0.977603737287849508E+05    0.790056592341373376E+00    0.232823529879490648E+00    0.453145770018783978E+00    0.825465216783205165E+02    0.109220322679824643E-01    0.320149938674987866E+00    0.130632727936026116E+01    0.561440428773973890E-01    0.226452394252533613E-01    0.512472421569862724E+00    0.436658508393086535E+02    0.722282493061287334E+00    0.487141563639310049E-01   -0.425810606443966858E-01    0.668006829233386279E+00    0.173593649079243221E+03    0.774762006352310989E-01    0.314283911798819593E+00
    0.131973241803458557E-02   -0.980061420715252025E+05   -0.676810844856907678E+00   -0.341443809319850133E+00    0.453689192060667934E+00    0.423299324948454299E+02    0.200136402801476793E+00    0.119252587044253303E+00    0.429441796330384484E+01   -0.119353449199180658E+00    0.733113051562815227E-01    0.906971200951677936E+00    0.263459590509052575E+02    0.710420513545356958E+00    0.149312583166244343E-01    0.436653371821458455E-01    0.635157457506838719E+00    0.146156140838684451E+03    0.785893287946538011E-01    0.276710430514392980E+00
    0.433764352632398509E-91   -0.975986617294361204E+05   -0.855476830609971373E+00   -0.193562654125554678E+00    0.340134965274237033E+00    0.174908588988308225E+03    0.172115081724263708E+00    0.427716955754221598E-01    0.497185852926876937E+01   -0.153841528904526237E+00   -0.577422217111988982E-02    0.958434611186159913E+00    0.492602261048794716E+02    0.698050940542273568E+00    0.795592942820193792E-02    0.201205966738939243E-01    0.622677695867787095E+00    0.172271135925928007E+03    0.736442761209890745E-01    0.410418911052035984E+00
    0.799979492635178732E-66   -0.977150151534313773E+05    0.594535250288647954E+00    0.715741055569563023E+00    0.560557121269604663E+00    0.765565162235993171E+02    0.612875765658546443E-01    0.142479384237608975E+00    0.612599489810605835E+01   -0.104160400442501078E+00   -0.829955595362300014E-01    0.672947563305484442E+00    0.615045247059464231E+02    0.682373380887947301E+00   -0.456651360282654198E-01    0.256536311342271325E-01    0.588635819637852720E+00    0.766789595145407219E+02    0.635344366792447990E-01    0.447885992949862199E+00
    0.140718588885075214E-65   -0.977161446755762154E+05    0.234106064830981009E+00   -0.790457082620530799E-01    0.700909316854155362E+00    0.267692528999347239E+02    0.504695984481540461E-01    0.189052244315906337E+00    0.146548642571903232E+01    0.148028742445711365E-01    0.398156791227278553E-01    0.805903823509136918E+00    0.146612052425136056E+03    0.697650756133996963E+00    0.292440818560529107E-01   -0.372176177899161548E-01    0.743202973385012511E+00    0.452659520422646438E+02    0.357393922075904952E-01    0.518911579052221961E+00
    0.809393236882886374E-81   -0.976459609982086695E+05    0.653600189440165652E-01   -0.105595413038668248E+00    0.389439112955518918E+00    0.179172390116824346E+03    0.232196680341805531E-01    0.124316177808353204E+00    0.676651838531404159E+01    0.200143084698056195E+00    0.912111028334277735E-01    0.776590913115010162E+00    0.127437570884572906E+03    0.654590067338009285E+00   -0.685869847338443223E-01   -0.592061810526932075E-01    0.905328131482544096E+00    0.736694623445068686E+02    0.606303559381840620E-01    0.466801065158625961E+00
    0.212798482672643766E-15   -0.979472303519847919E+05   -0.394473866554719999E+00    0.594209357380017372E-01    0.244092730768112026E+00    0.996417925847690213E+02    0.712776880034543675E-01    0.144962264683941827E+00    0.168947848634393694E+01   -0.215421781325033784E+00   -0.169304807221736214E+00    0.898455964486259084E+00    0.129782091172817758E+03    0.663798909013321059E+00   -0.253741635563556230E-01    0.345488791744394813E-01    0.737567042988828803E+00    0.891232102391205956E+02    0.641007705701046732E-01    0.410839426420973486E+00
    0.850492673732209643E-32   -0.978717133991641604E+05    0.172825361308961728E+00    0.765448178073075303E+00    0.794964403864919733E+00    0.611327514246050185E+02    0.426288166766779553E+00    0.422411377536442145E-01    0.237939430378274253E+01    0.602118020937100623E-01   -0.582719105429845494E-01    0.526605054295622210E+00    0.420473394789194614E+02    0.772092729217022322E+00    0.124244698197201672E+00   -0.244580013829451166E-01    0.612734778124358170E+00    0.836112109145473994E+02    0.664131761106236396E-01    0.385478417260597561E+00
    0.106193877958652398E-37   -0.978445264495603769E+05    0.130327785201870022E+00    0.248208460249932962E-01    0.762101891973559153E+00    0.770311218780850311E+02    0.337928634621899149E+00    0.984279184219904041E-01    0.205845170643958841E+01   -0.129564812249360645E+00   -0.154698746536025611E+00    0.643587415980353850E+00    0.161397073088785874E+03    0.645992497988199021E+00    0.317014009237714597E-01    0.345647375421042832E-01    0.624693854485849909E+00    0.104353406750459456E+03    0.517566603354425864E-01    0.549571200957770012E+00
