   -0.991169875320052846E-03   -0.896732556208539532E-03    0.204295424296790207E+00   -0.670288410605757168E-02    0.208314168508680342E-03    0.160078824309949730E+01    0.192307080250772339E+00    0.500362685347323059E+05
    0.328616822515549831E-02    0.245661919614927407E-02    0.213052897011955039E+00    0.225570799539198258E-01    0.769591551014914277E-02    0.160045135113202641E+01    0.187980569880711601E+00    0.500370654728661539E+05
    0.450860803452967068E-02    0.305692671592010419E-02    0.208909177678199220E+00    0.129980971946283275E-01    0.300630542109030230E-02    0.160198997287161449E+01    0.188602774997784078E+00    0.500371962712546738E+05
    0.873548432299155273E-03    0.149341064938752718E-02    0.201468920015177799E+00   -0.400968109712068754E-02    0.893793512115836908E-02    0.159931202430142871E+01    0.197780527484693491E+00    0.500372150277843321E+05
    0.349209110177926363E-03   -0.965929816464420081E-03    0.205077687660410068E+00   -0.124881495063932507E-01    0.632388568547345709E-03    0.159951626814931380E+01    0.194066750266673832E+00    0.500377137216194969E+05
    0.211550571308940540E-02    0.703447359522536364E-03    0.206344236570371375E+00    0.168484156715580091E-02   -0.125871357193391153E-02    0.159897282389638695E+01    0.189836873277156731E+00    0.500377218374108706E+05
    0.191544245758791466E-02    0.176808123538237712E-02    0.211302603621467744E+00   -0.124993547416869799E-01    0.154701261597258027E-01    0.160073793771310768E+01    0.191721231124399316E+00    0.500378679592575063E+05
    0.104228212396858589E-02   -0.524714055442667944E-03    0.202966778815128673E+00   -0.855251377021118420E-02    0.859550242025534927E-02    0.159933051618164890E+01    0.195032424086419798E+00    0.500379774632613917E+05
    0.101732085859179049E-02   -0.250589225796567325E-03    0.206634463330719692E+00    0.160146826573805551E-01    0.752047571214589650E-02    0.160069816803233245E+01    0.193182070838246012E+00    0.500380424040281068E+05
    0.146460512294508847E-02    0.316867555372012024E-02    0.205637603815435555E+00    0.734139852906941226E-02   -0.144445807159280515E-01    0.159943660803404808E+01    0.193028216222115329E+00    0.500380881483334015E+05
    0.200549889736503133E-02    0.227365310372516565E-02    0.201999803529531896E+00    0.466339107663527042E-02   -0.876920564834167415E-02    0.159933874562175560E+01    0.193902025728331567E+00    0.500381094483641718E+05
   -0.711389538319578247E-03    0.146160740095019229E-02    0.205734078543758414E+00    0.193998242131802889E-02   -0.146986346697297460E-01    0.159958344133527519E+01    0.193241570421595399E+00    0.500381355693177902E+05
   -0.102389750970474525E-03    0.273339909275072341E-02    0.209292004985409646E+00    0.605447807757533707E-02   -0.920234328048900874E-02    0.160103632391223072E+01    0.188187140765837896E+00    0.500382784236448133E+05
    0.460376040354414117E-03    0.139001497620286243E-02    0.202865838596863468E+00    0.448033128199602781E-02    0.107482196161496624E-01    0.160215659779869379E+01    0.195040150385246192E+00    0.500383310568715242E+05
    0.428721935927559201E-02    0.290639873164052218E-02    0.206020682201349198E+00   -0.528394930987410860E-02    0.173862926286981051E-01    0.160133190536113346E+01    0.194410173159001942E+00    0.500383382223003573E+05
    0.112669300210300658E-02    0.349399538142988741E-02    0.204280711753006189E+00   -0.473253204143848916E-02    0.195900368595456620E-01    0.159966633459010898E+01    0.194981016884932107E+00    0.500384424729840030E+05
   -0.109257275084759754E-03    0.163361771621726840E-02    0.206777864499337577E+00    0.793553584055609051E-02   -0.789582454396027533E-02    0.160129919148609878E+01    0.193789014559710010E+00    0.500385124362919523E+05
    0.209329078436690046E-03    0.128111646132494689E-02    0.207984830866855763E+00    0.281258035931908346E-02   -0.825536763929021755E-02    0.160228753800749724E+01    0.191326008148446441E+00    0.500385185089720326E+05
    0.300896976785637984E-02    0.336266019512799618E-02    0.207948428277354408E+00   -0.100328371253263077E-01    0.234064914943395153E-02    0.159879276597387321E+01    0.192424335827809129E+00    0.500385278160210873E+05
    0.355035547360886116E-02    0.164837911135066323E-02    0.211573254677299732E+00   -0.138650835326275812E-01    0.116600802848647184E-01    0.160179757968818270E+01    0.188595729289503605E+00    0.500385551410703192E+05
   -0.435229773231151122E-03    0.196687888071842877E-02    0.203676918072953350E+00    0.661608880378247721E-02    0.946589139645537259E-02    0.160157624862353543E+01    0.194680308237865696E+00    0.500385605586553502E+05
    0.789998657578655245E-04    0.146020006690499114E-02    0.201153263048341413E+00   -0.165865566755836469E-02    0.116837947674268000E-01    0.160034827403179047E+01    0.196143303140525554E+00    0.500385622290315150E+05
    0.159982970131469955E-02    0.465281426965640128E-02    0.206206833361387953E+00   -0.666734938576318825E-02    0.972343868002085998E-02    0.160236500864922049E+01    0.192270533185334214E+00    0.500385939984397774E+05
    0.346618547759697769E-02    0.271829758182420269E-02    0.202307758045625008E+00   -0.943587049826168089E-02    0.957127508525570936E-02    0.160085342791133023E+01    0.195360721537232079E+00    0.500386633594500236E+05
    0.225667356183548970E-03    0.225325547396651492E-02    0.210072352207749946E+00    0.942905023208248649E-02   -0.967781106470419483E-02    0.160202609540553009E+01    0.190572895844035167E+00    0.500387092004469814E+05
    0.395335189629371971E-02    0.162184488037856031E-02    0.204341909619619067E+00    0.196237374060621167E-01   -0.306921296701774537E-02    0.159944244417055970E+01    0.193640221829960907E+00    0.500387194572640728E+05
    0.585951242103456343E-03    0.225861398233060794E-02    0.203208937131289957E+00   -0.349209986379676873E-02    0.567088033024538973E-02    0.160250776597894062E+01    0.194736440042934972E+00    0.500388128211396543E+05
    0.323740426789080691E-02    0.278112635596951220E-02    0.203280967200302365E+00    0.809571741766604291E-02   -0.123157918515511555E-01    0.159985561598698300E+01    0.194854482904292553E+00    0.500388426235109146E+05
    0.257004785661187844E-02    0.845165852579235228E-03    0.207313271767840424E+00    0.178551314872987810E-02    0.140803177135139235E-01    0.160202380557856849E+01    0.193074918559537262E+00    0.500389327505579713E+05
    0.167829518994299753E-02    0.217350640888255191E-02    0.209056293370543544E+00    0.783613287319213925E-02   -0.866083553886566604E-02    0.160045653302028157E+01    0.187809423492826755E+00    0.500390916470211596E+05
    0.154138302568372523E-02    0.159335824365799982E-02    0.204137173999145161E+00    0.718053663769355199E-03    0.131311793188229886E-01    0.159930677362698792E+01    0.192010232319725888E+00    0.500391280650433546E+05
    0.854262479119309386E-03   -0.642152458198432864E-03    0.207036106737461201E+00    0.191862779379739501E-02    0.130005633204060833E-01    0.160124859994858926E+01    0.192111640907672798E+00    0.500391917394018747E+05
    0.184804533216249649E-02    0.366150843508273541E-02    0.207776769824115082E+00   -0.533345308099948678E-02    0.199023219194040257E-01    0.160132586158811496E+01    0.190638110110637082E+00    0.500394028218693857E+05
    0.449283880724728277E-02   -0.227004126930792398E-03    0.203547627422744321E+00    0.479183871622708424E-02    0.503034894285192546E-02    0.160066562005759150E+01    0.193163593007988105E+00    0.500394351823760953E+05
   -0.499754219176423904E-03    0.184185629969895316E-02    0.205499726880595535E+00   -0.115173665387029167E-01    0.143589508840137325E-01    0.160032309386992355E+01    0.193670010201217352E+00    0.500394370289590952E+05
    0.699027160616971397E-03    0.369941783834763479E-02    0.207707240964509904E+00    0.635707097162445389E-02    0.190700197533818783E-01    0.160017378863725113E+01    0.192044234229243022E+00    0.500394693283448141E+05
    0.193618724506874136E-02    0.447473255529801887E-02    0.208234388998400299E+00   -0.596853500214009070E-02   -0.557185908480996306E-02    0.160077556618773986E+01    0.190848581281059221E+00    0.500394984092161103E+05
    0.373812602808214428E-02    0.182594972795288341E-02    0.210166895482820193E+00   -0.160372583280070369E-02    0.143786303911838387E-01    0.160029227191923429E+01    0.188068335808588644E+00    0.500396212573427765E+05
    0.308582343417526401E-02   -0.833764671800088617E-03    0.208398158538676687E+00   -0.109465304466194457E-01    0.360655028569704939E-02    0.160034959386488351E+01    0.190291085241548169E+00    0.500396281195146730E+05
    0.892528862389610315E-03    0.220176781870653517E-02    0.204066535939962351E+00   -0.939905218717521085E-03    0.135869493097943578E-01    0.160211541684280223E+01    0.194705539582133130E+00    0.500396530136647780E+05
    0.870580486062123740E-03    0.142448132766207652E-02    0.207712256634079162E+00   -0.846487826009778566E-02   -0.512968118009281271E-02    0.159933292632375657E+01    0.191710498623991393E+00    0.500397345215665991E+05
    0.385046689392755338E-03    0.478546012827433566E-02    0.205000722441043559E+00    0.678899219911530127E-02   -0.217412901145436210E-03    0.160099501879786787E+01    0.192458916845821920E+00    0.500397484287777334E+05
    0.247098192200944982E-02    0.499935554605541749E-02    0.203441536201084822E+00   -0.128968523239633703E-02    0.134525667417586259E-01    0.160067710337996316E+01    0.193469726982636731E+00    0.500397583175981054E+05
    0.874092017135473303E-03   -0.322294624463749740E-03    0.205811214529413145E+00    0.124427441473571737E-01    0.336526003683117192E-02    0.160081835620879942E+01    0.193404485258445169E+00    0.500398277190234439E+05
   -0.270073376937286086E-03    0.714096836522372424E-03    0.203395740166209732E+00   -0.701495938336246794E-02    0.134231524909414479E-02    0.159992474658194017E+01    0.194609428422731906E+00    0.500398516109775956E+05
    0.181922332691205777E-02    0.331263232817924792E-02    0.206881036130844409E+00   -0.442869009661946145E-02    0.136400339038753315E-01    0.159868825719306851E+01    0.190849876811927860E+00    0.500398663942255007E+05
    0.194895909066286990E-02    0.206702617019633881E-02    0.208841296690260025E+00    0.654969780004996394E-02   -0.166758376225421001E-01    0.160021435659185030E+01    0.190330465883710026E+00    0.500400132193497047E+05
    0.318578961756652880E-02   -0.859833704429971012E-03    0.204191261268722724E+00   -0.264278540282053553E-02    0.318429642046078043E-02    0.160115900491661622E+01    0.193220225577032612E+00    0.500400351353785518E+05
    0.177327574047258726E-02    0.123547668202207933E-02    0.208666346955370730E+00   -0.466170093545156816E-02   -0.104337702821357681E-01    0.160132997034609015E+01    0.191571099621200502E+00    0.500400363958285379E+05
    0.205942420445648627E-02    0.377768175979846803E-03    0.203501012277676308E+00    0.871743619076097154E-02   -0.872721822417515947E-02    0.159991307432694430E+01    0.192804804995425794E+00    0.500400647737162653E+05
   -0.108069817234543098E-03    0.126341020893537158E-02    0.207806644131267981E+00    0.555317632185543808E-02    0.126299726744438789E-01    0.160070598918520246E+01    0.191360239926360226E+00    0.500401245871778883E+05
    0.404645512914963978E-02    0.171928975211051182E-02    0.206211002084634193E+00   -0.321159464911247028E-02    0.154255791425943062E-01    0.160159855782010419E+01    0.193586533102530350E+00    0.500401508525563549E+05
    0.137210647375177902E-02    0.246131462230951862E-02    0.207030171841006166E+00    0.595278470471097276E-02    0.125827327068861045E-01    0.159899393899335829E+01    0.190743406084539546E+00    0.500401515832865480E+05
    0.159235209039690047E-02    0.210758808733685859E-03    0.204519534984523993E+00   -0.121259267994441727E-01    0.763538468125746217E-02    0.160001034020887878E+01    0.194974743084616570E+00    0.500401881068216826E+05
    0.391898726890918449E-02    0.253443041083461010E-02    0.209543639785289698E+00    0.993252631759386495E-02   -0.670213572167897842E-02    0.160137950522114170E+01    0.189521725298444438E+00    0.500402146498567818E+05
    0.291089853068667720E-02    0.448262765258087767E-02    0.206311124913805016E+00   -0.481977284545923035E-02    0.109491015862236002E-01    0.159944734591465387E+01    0.192606537659954558E+00    0.500402412873071589E+05
    0.411529440291707874E-03    0.381054152591886767E-02    0.208052119364101618E+00    0.139198482078441571E-01   -0.781205045965538414E-02    0.160055722157934333E+01    0.192246993336180616E+00    0.500402670017752098E+05
    0.176174466386815358E-02    0.247273972279277209E-02    0.200594251780603694E+00   -0.893056807632935934E-03    0.672449915252908148E-02    0.160115153166165425E+01    0.195220675169324315E+00    0.500403204429722828E+05
    0.337075330901298323E-05    0.208538846736296352E-02    0.207140913245845548E+00    0.862694678312221630E-02    0.631763890618533552E-02    0.159974781448308478E+01    0.191184829858944971E+00    0.500403337711649365E+05
    0.657686977825691285E-03    0.361657734269712518E-02    0.205585214188345938E+00    0.673516275483551641E-03   -0.204324960884898210E-02    0.159991102629541593E+01    0.192959637622859420E+00    0.500403374878761606E+05
    0.434199678450101698E-02    0.135137195084995918E-02    0.207708536779745878E+00   -0.176984998963805595E-02    0.761450111712384803E-02    0.160155668589099531E+01    0.190666682558201656E+00    0.500403508234965993E+05
    0.615863638225801441E-03    0.132409953999957481E-02    0.209438612554657816E+00    0.149654641781009345E-01   -0.937506327839739140E-02    0.159952389525093652E+01    0.190048789283746272E+00    0.500403514484997577E+05
    0.424001388615754746E-02    0.244885316352919146E-02    0.208707646881800213E+00   -0.441583511994034228E-02    0.171028102457727177E-01    0.160055262046861380E+01    0.192129978151821729E+00    0.500403620926907461E+05
    0.702252745984893647E-03    0.273450105863648572E-02    0.203142813640260433E+00    0.119999893218080966E-01    0.885734844443583635E-03    0.160150334200533151E+01    0.193900053157215896E+00    0.500403624556535069E+05
    0.143433942861117669E-02    0.252578838910755884E-02    0.209766651019654804E+00   -0.185304005810395800E-01    0.399263073990781259E-02    0.159969710436564760E+01    0.190936930273864325E+00    0.500403757042893194E+05
    0.184416673185894536E-02    0.161696214176287249E-02    0.207967966181600128E+00    0.154458365981504225E-01   -0.483603423687303802E-02    0.159927393829569464E+01    0.189830734336787904E+00    0.500403862616616534E+05
    0.241569939511312266E-02    0.381208847182576676E-02    0.205086278724008558E+00    0.709980600828893915E-02    0.343917368556936887E-02    0.160204299068374123E+01    0.191421254663488721E+00    0.500404074338009232E+05
    0.329161666077240709E-02    0.313377270968843438E-03    0.206919538287742538E+00    0.997872611713121471E-02    0.523042210009153075E-02    0.160130320742568433E+01    0.190468028063650735E+00    0.500405838922954426E+05
    0.362690908546358358E-03    0.389199560729316940E-03    0.208717302853270198E+00   -0.846876389814138486E-02    0.146819789936881023E-01    0.160023144890737745E+01    0.191154942900658931E+00    0.500405922869930801E+05
    0.277284495442496875E-02   -0.605245901269865728E-03    0.205380904241048184E+00   -0.626522511433774687E-03    0.111489473301895625E-01    0.160102638714332057E+01    0.193031078182966137E+00    0.500405999703346461E+05
    0.206963239940410881E-02   -0.182357090354988617E-03    0.205273738000689099E+00    0.447441184817336246E-02    0.540205784174277448E-02    0.160077766959546031E+01    0.193287365756400292E+00    0.500406063537422306E+05
    0.374660984169365024E-02    0.130761758557879429E-02    0.207843727071209267E+00    0.113868628174028930E-01    0.150894621359976000E-03    0.160158163070986470E+01    0.189864325656767668E+00    0.500406077934158966E+05
    0.193405975145511527E-02    0.777255505004862822E-03    0.207169171783066375E+00   -0.866505014603455304E-02    0.551933665096175641E-02    0.159883201789792828E+01    0.191823754028101340E+00    0.500406652121505031E+05
    0.894999930912367321E-03    0.430210970469569604E-02    0.204300828220297020E+00    0.169527081111023326E-03    0.119683463478846563E-01    0.160077784631717135E+01    0.193811901097142664E+00    0.500407046516434275E+05
    0.101028568499542831E-02    0.252097324620125006E-02    0.201150451136332009E+00    0.475407737737576497E-03   -0.302971661746595511E-02    0.160114331355514872E+01    0.195441504620668838E+00    0.500407090087405013E+05
    0.101028568499542831E-02    0.252097324620125006E-02    0.201150451136332009E+00    0.475407737737576497E-03   -0.302971661746595511E-02    0.160114331355514872E+01    0.195441504620668838E+00    0.500407090087405013E+05
    0.271388733828989990E-02   -0.402340847679626688E-03    0.207328790890782655E+00   -0.957494560464944300E-02    0.159562791092944523E-02    0.160010034465651074E+01    0.190639490456880306E+00    0.500407116192791145E+05
    0.163657965221901554E-02    0.229811099303716239E-02    0.203258491399913671E+00    0.467080077658574289E-02    0.151029788704507562E-01    0.160042915079569537E+01    0.195334047468978894E+00    0.500407280037817764E+05
    0.309691564142280419E-02    0.403845498452929438E-02    0.204918552823446537E+00    0.496875752600638154E-02   -0.321624405284090531E-02    0.159960599113478708E+01    0.191756300625375520E+00    0.500407381057785678E+05
    0.366045490560830801E-02    0.312578127738170159E-02    0.206214769613328353E+00   -0.797631318794345123E-04    0.824994033218220957E-02    0.160196261689857744E+01    0.191401698828272987E+00    0.500407874649063597E+05
    0.312941697046111370E-02    0.139623371728800328E-02    0.205605649182841382E+00    0.508450383358752256E-02    0.193508829213620559E-02    0.160073131089617027E+01    0.193110583073256431E+00    0.500407926873373362E+05
    0.158810828561631334E-02    0.143856408035160799E-02    0.207675606263475893E+00   -0.119741318157069176E-01    0.655938523999588519E-03    0.160111858598162993E+01    0.192887802605724024E+00    0.500408008561286842E+05
    0.212218005260727312E-02    0.413876308070534361E-02    0.204043093322804348E+00    0.655247146470464004E-02    0.457724067762825537E-02    0.160018233946835942E+01    0.191916551185302625E+00    0.500408057799880771E+05
    0.182392183336791075E-02   -0.150260819001051942E-03    0.205157692279054449E+00   -0.295303777883115792E-03   -0.244112483923127066E-02    0.160014698209283268E+01    0.192599096469264514E+00    0.500408366549597486E+05
    0.371134801043575572E-02    0.322707539778561807E-02    0.202207428491017888E+00    0.836940558412264946E-02    0.643377389343421924E-02    0.159979996127164315E+01    0.195124941078817893E+00    0.500408368165024513E+05
    0.334871136798600092E-02    0.372992159863313761E-02    0.203724988391909889E+00    0.101923815136029383E-01    0.210656772967425521E-02    0.160063469961065485E+01    0.192186984777858172E+00    0.500408414898734191E+05
    0.408506125741322276E-02    0.360427053904992202E-02    0.202545237790192595E+00    0.132045017285890853E-02    0.717117868212671650E-02    0.160019645069088767E+01    0.193928892118719637E+00    0.500408432510594648E+05
    0.217280341579850333E-02    0.183470659051855113E-02    0.205225837204349060E+00   -0.693998830381503673E-02    0.168258698209823587E-01    0.160043794672157991E+01    0.193650648695372796E+00    0.500408606181952637E+05
    0.116138075396505949E-02    0.108598864362330089E-02    0.206415428691714226E+00    0.862011996960176941E-04   -0.819921462499388631E-02    0.160020160190727956E+01    0.193165211360137673E+00    0.500409164447854273E+05
    0.213748004060092213E-02    0.169143260594437983E-02    0.208231578214628732E+00   -0.121106134781495678E-02    0.150958959340301985E-01    0.160218148377574687E+01    0.190093128553245616E+00    0.500409440603837866E+05
    0.314276133973349090E-02    0.905126931444852584E-03    0.208949746195372599E+00    0.766511728366769951E-02   -0.162761017700728122E-01    0.160004576187034742E+01    0.191366322059097704E+00    0.500409918184169292E+05
    0.187186738353822889E-02   -0.603557694086015234E-03    0.207341819675990746E+00    0.116877793888152254E-01   -0.107769035227864851E-01    0.160036180561681429E+01    0.191722640278302131E+00    0.500410979324868895E+05
    0.244569451906026438E-02    0.227292554395172553E-02    0.204910508881661763E+00   -0.711769174544346628E-02    0.616589935383644872E-02    0.160180823005171136E+01    0.194376507530058251E+00    0.500411482401811081E+05
    0.286533450792498699E-02    0.293867677912219242E-02    0.202344597478108651E+00    0.558237494308766458E-02    0.106299835320532166E-01    0.159942266999978600E+01    0.194909070966902326E+00    0.500411577582214231E+05
    0.304317067928751295E-02    0.245993176287449258E-02    0.207436063805919280E+00   -0.113726741743316873E-02   -0.357932206199579328E-02    0.159982882558805217E+01    0.190646103556289720E+00    0.500411612516522437E+05
    0.192028207331108500E-02    0.399448033123646438E-02    0.206187585374794535E+00   -0.175079797653070190E-02   -0.786497571813474239E-02    0.160007077785878016E+01    0.191797520176237996E+00    0.500411720282661408E+05
    0.350894853046965563E-02    0.230562706282486920E-02    0.204935620393613183E+00   -0.102825406245307116E-01    0.110802778838207938E-02    0.159948685569226856E+01    0.193169861126897713E+00    0.500411759731517013E+05
    0.402619879237023359E-02    0.203687315659887213E-02    0.204140326546865120E+00    0.473450069351147307E-02   -0.281224161490925550E-02    0.159975166145303227E+01    0.194063135785150775E+00    0.500411801531360179E+05
    0.336827072994048135E-02    0.578212486338688545E-03    0.205736451550652816E+00    0.405259493869494780E-02    0.152424091657558936E-02    0.160112593540106563E+01    0.191783226015580482E+00    0.500411936320882742E+05
    0.260302753910638274E-02    0.159483465284838223E-03    0.204911809473986850E+00   -0.621781410857188965E-02   -0.194546892254474080E-02    0.160169479927223923E+01    0.193017473966575065E+00    0.500412095440419216E+05
    0.130486867634772049E-02    0.238448637493535480E-02    0.205585380047560190E+00   -0.253659247603785221E-02    0.181013972845390780E-01    0.160110603810214247E+01    0.193648049938439093E+00    0.500412439529302064E+05
    0.126557016666089856E-02   -0.112282977774855270E-03    0.207197009494239387E+00    0.107467323814173926E-01   -0.382466974677309057E-03    0.160075014298337814E+01    0.190982666790155908E+00    0.500412552184831293E+05
    0.440148637359136078E-03    0.270011205867036128E-02    0.208336681904644383E+00   -0.195978476846611627E-02    0.132393629568511723E-01    0.160121994541053292E+01    0.190008684905274394E+00    0.500412581125142242E+05
    0.461149484415465313E-03    0.257616079924607392E-02    0.204339514170888109E+00   -0.884545896221941574E-02    0.187106952561459650E-02    0.160021949106164119E+01    0.194562019910296313E+00    0.500412719465798800E+05
    0.982695123004815978E-03    0.364722012427218852E-02    0.208427929134642614E+00   -0.153314530770844726E-01    0.109442293711596167E-01    0.160054343855603953E+01    0.191506894385678167E+00    0.500412739744060527E+05
    0.381287161199937545E-02    0.194659622913137586E-02    0.204639872068198586E+00    0.122810965414158896E-01    0.646274821999466564E-02    0.159966853663181996E+01    0.193840804323668736E+00    0.500412981835780447E+05
    0.248467570750215256E-03    0.278367310366953342E-02    0.206605542908149059E+00   -0.876149801827239005E-02   -0.132907901169024290E-02    0.160067367678686612E+01    0.191004353172458646E+00    0.500412985679746198E+05
    0.149910291336043539E-03    0.157251632060444136E-02    0.207920825391253866E+00    0.103855945228841645E-01   -0.116687129939710282E-01    0.160019736324697059E+01    0.191288295056370405E+00    0.500412986606320846E+05
    0.176504475745424810E-02    0.374736226588572464E-02    0.208495628648071946E+00   -0.131167349088257001E-01    0.126651437531592331E-01    0.160083832152052707E+01    0.192109485548050685E+00    0.500413100179828325E+05
    0.158415958700898560E-02    0.304705952011226572E-02    0.208940091447583187E+00   -0.166652004329159442E-01    0.447641216995040003E-02    0.160074342352738852E+01    0.191811269744514373E+00    0.500413131841935974E+05
    0.259926415290981936E-02    0.150186993625649754E-02    0.206668683877984621E+00   -0.740607009087826396E-02   -0.870993156101561306E-02    0.159985113706435467E+01    0.192276435565277626E+00    0.500413398291904086E+05
    0.253122516961546990E-02    0.132134511648185869E-02    0.208865048047103374E+00    0.276841389907626911E-02    0.140812258229139342E-01    0.160006691303818704E+01    0.191107697010498429E+00    0.500413403039082041E+05
    0.138716368126642117E-02    0.118293903939643038E-02    0.207688943982060864E+00    0.131563829438501034E-01   -0.252876884884366271E-02    0.159906570374963031E+01    0.191225697872448835E+00    0.500413500471726074E+05
    0.194892879672547238E-03    0.108152679222891655E-02    0.205117559337201494E+00   -0.403969262104213189E-02   -0.399841434675893281E-02    0.160102943031647449E+01    0.192683111696462323E+00    0.500413519548844706E+05
    0.183764871046235767E-02    0.238339640271503263E-02    0.206684662136943004E+00    0.541317784118726386E-02   -0.130830459540594579E-01    0.159941191472224453E+01    0.191843115692314603E+00    0.500413831934673071E+05
    0.212402845065279202E-02    0.145773948999004029E-02    0.208106000839686223E+00    0.122992837112613634E-01    0.254780995448206093E-03    0.160015495703538391E+01    0.189155453902813270E+00    0.500413875990844463E+05
    0.318819324221748487E-03    0.122470750228395814E-02    0.204221315951473525E+00    0.392095440445838772E-02    0.109308084388148458E-01    0.160048063800096152E+01    0.193799856569287055E+00    0.500413920646236220E+05
    0.951037403433017741E-03    0.138893377824923043E-02    0.209485604275952059E+00   -0.722162551748661841E-02    0.126747415466383212E-01    0.160097084386790578E+01    0.190728688947809699E+00    0.500414181582581878E+05
    0.270230262543764109E-02    0.290975782400655202E-02    0.206370479096281478E+00    0.606707503232764567E-02   -0.439591314368865949E-02    0.160196462924649596E+01    0.190613249437322912E+00    0.500414523074989993E+05
    0.109524102183429571E-02    0.531053872300807188E-03    0.204856795995043056E+00   -0.519872870913620777E-02    0.133942485938932376E-01    0.160061298288977527E+01    0.193938972490861200E+00    0.500414702575478150E+05
    0.391313153559192262E-02    0.281590886517230337E-02    0.205320766920582959E+00   -0.898038501457112948E-02    0.555965603859634450E-02    0.159967791081809008E+01    0.192543301660391464E+00    0.500415151526403715E+05
    0.102939051741262580E-02    0.113551980401312689E-02    0.203491817831250255E+00    0.386754930742613801E-02    0.101343844414016476E-01    0.160075800285794112E+01    0.194860376978580246E+00    0.500415223807981238E+05
    0.211514163616913480E-02    0.413105067470720660E-02    0.206082985311923123E+00   -0.453430559190545757E-02    0.159929145479823093E-01    0.160016079710159587E+01    0.193278761754742068E+00    0.500415572163519028E+05
    0.112525712688960923E-02    0.104453060653971375E-02    0.203725739130122901E+00    0.542903239657063774E-02   -0.787893131380545952E-02    0.159964908999798539E+01    0.193094750663067444E+00    0.500415796187480155E+05
    0.191185906289944034E-02    0.374075807385195608E-02    0.203666747677153676E+00   -0.815833676555693943E-02    0.916590802211107725E-02    0.160103059946469051E+01    0.193574513489875699E+00    0.500416061918878841E+05
    0.372711697598849525E-02    0.252071420587558076E-02    0.204977202329171354E+00   -0.386259383645645715E-02    0.595830990763308865E-02    0.160053999921994139E+01    0.194081954506898163E+00    0.500416187550134709E+05
    0.139578682157868983E-02    0.389207395643819667E-02    0.204152578087360259E+00   -0.499033582709094981E-02    0.114611459674905242E-01    0.160050837753191399E+01    0.192680126220928727E+00    0.500416988101195820E+05
    0.293095463725099453E-02    0.324591867283997989E-02    0.205237249807909222E+00    0.710052743466167702E-02    0.529721948404777987E-02    0.160162905346042272E+01    0.191796491485028670E+00    0.500417066695519097E+05
    0.322107549087590709E-02    0.176567784591294581E-02    0.208325856443436985E+00    0.135259204869614125E-01    0.545715464381561766E-02    0.160092230387483569E+01    0.190047480665709534E+00    0.500417079662261676E+05
    0.319951149854505977E-02    0.282115686285264178E-02    0.206509706156720041E+00   -0.106009281037156844E-01    0.100709379977843155E-01    0.160132432954549864E+01    0.191680303187922174E+00    0.500417310647133563E+05
    0.121470286170815233E-02    0.298498183727912087E-02    0.206022626712782098E+00   -0.355871789359263335E-02    0.896629742272378460E-02    0.159938779729460112E+01    0.192016496645492779E+00    0.500417873707647377E+05
    0.153011566047637332E-02    0.365576072815354623E-02    0.203967824716272284E+00    0.563292933878159485E-02   -0.374284927336099305E-05    0.160061352387939482E+01    0.194255154145757253E+00    0.500417890756961424E+05
    0.415063127899380018E-03    0.100110272117998013E-02    0.203606072900654411E+00   -0.601567004510777936E-03    0.596034328607723818E-02    0.160020187526804247E+01    0.193248336358821965E+00    0.500418025583625058E+05
    0.352781896643653697E-02    0.188019894784215917E-02    0.205938070175801319E+00    0.951234005222652279E-02   -0.417257534955253750E-02    0.159927719862892648E+01    0.192257477411871658E+00    0.500418164401250688E+05
    0.184656111699999827E-02    0.252912078927861658E-02    0.207681359832067952E+00    0.930939097578972752E-02    0.986149620343483579E-02    0.160084989980430148E+01    0.191402256300419155E+00    0.500418357144119072E+05
    0.134925510640613298E-02    0.105102354144749133E-02    0.203990761613039751E+00    0.183350520298666830E-02    0.439550724825547856E-02    0.160063123908879845E+01    0.191905769445057578E+00    0.500418793920044336E+05
    0.272925304119237813E-02    0.286924673081200791E-02    0.208085738281283128E+00   -0.310386120274597221E-02    0.108648113119979711E-01    0.160045463529341214E+01    0.191302916528106243E+00    0.500418925577706032E+05
    0.194785113588795129E-02    0.429806410805282286E-03    0.207481157662711718E+00    0.143230834526761885E-01   -0.626472999320075441E-02    0.160114833259775424E+01    0.190450362092357633E+00    0.500418965648579833E+05
    0.393642803023267710E-02    0.151446472080476189E-02    0.205171013246949668E+00    0.324957457262972649E-02   -0.101026901330170948E-01    0.160069965396879565E+01    0.192618741729345150E+00    0.500419405584685956E+05
    0.201810596378090932E-02    0.580903914191158990E-03    0.202614866873352589E+00    0.446874004027457417E-02   -0.591254893068617060E-02    0.160000490513545857E+01    0.194088510203406700E+00    0.500419891716733546E+05
    0.268451028905270514E-02    0.707064438909239335E-03    0.205693060232659597E+00   -0.435890354779357170E-02   -0.826569874265985216E-02    0.160047922621467831E+01    0.192821689720624551E+00    0.500420136319332014E+05
    0.243652381365047285E-02    0.370518662436796679E-03    0.205528181111147512E+00    0.527043032173883652E-02   -0.444892012379423385E-02    0.160074894716554961E+01    0.192710786460076250E+00    0.500420263930034998E+05
    0.191530812483109002E-02    0.270370598096520169E-02    0.206600669413893906E+00   -0.238843070109349964E-02    0.385649276285399134E-03    0.160022642488158162E+01    0.190771190204727298E+00    0.500420575032865672E+05
    0.311496657971063523E-02    0.370137020876172129E-02    0.204823247637209049E+00   -0.859119974807170950E-03    0.820512592678010466E-02    0.159987773667718036E+01    0.192689492147439190E+00    0.500420685228639049E+05
    0.314877595723641896E-02    0.228841565641485804E-02    0.208415330058533355E+00    0.720430578426119184E-02   -0.108441861878596363E-01    0.160148739270946261E+01    0.190972201698304839E+00    0.500420859836927266E+05
    0.317388267991045156E-02    0.252401639249734194E-02    0.207322140126258381E+00    0.653887565576131979E-02   -0.342940895638861598E-02    0.160073535427587044E+01    0.191005727310799067E+00    0.500420950724662180E+05
    0.931885808712973893E-03    0.127502875363350271E-02    0.203947065065362532E+00    0.428639972690714188E-02   -0.196016410733365620E-02    0.159968626563393923E+01    0.193573215011054900E+00    0.500421211088190685E+05
    0.144532386747765165E-02    0.109854173376382029E-02    0.207805204552530320E+00   -0.490095773773889520E-02    0.822416760816582770E-02    0.159994643039652829E+01    0.190526360201260264E+00    0.500421319300195537E+05
    0.235919075010344740E-02    0.760697419343616429E-03    0.204360528381454798E+00    0.499097342071960770E-02   -0.898684937163900244E-02    0.160092719578701836E+01    0.194435639619412043E+00    0.500421346264641033E+05
    0.106666934078821743E-02    0.237222859452655569E-02    0.205061522918273342E+00    0.934178165823143503E-02   -0.193877428868796664E-02    0.160097234441618386E+01    0.193348485376809875E+00    0.500431957153198164E+05
    0.106666934078821743E-02    0.237222859452655569E-02    0.205061522918273342E+00    0.934178165823143503E-02   -0.193877428868796664E-02    0.160097234441618386E+01    0.193348485376809875E+00    0.500431957153198164E+05
    0.106666934078821743E-02    0.237222859452655569E-02    0.205061522918273342E+00    0.934178165823143503E-02   -0.193877428868796664E-02    0.160097234441618386E+01    0.193348485376809875E+00    0.500431957153198164E+05
    0.152843503260318781E-02    0.296271364064810971E-02    0.204880918355471092E+00    0.230162163271643849E-02    0.585185587672439056E-02    0.160040689820448190E+01    0.193038489270167812E+00    0.500423399457839114E+05
    0.192645396339180693E-02    0.369392211594678005E-02    0.204309250714184820E+00    0.669208771806609204E-02    0.212913025918662346E-02    0.160078597440598647E+01    0.192987756052252019E+00    0.500426055927211855E+05
    0.192645396339180693E-02    0.369392211594678005E-02    0.204309250714184820E+00    0.669208771806609204E-02    0.212913025918662346E-02    0.160078597440598647E+01    0.192987756052252019E+00    0.500426055927211855E+05
    0.132548786754275701E-02    0.188118446599204762E-02    0.202535837474594971E+00    0.266854488214163243E-02    0.267633487302816608E-02    0.159988298619674141E+01    0.194217207028298644E+00    0.500424443138629358E+05
    0.189543789592441585E-02    0.253081148570287549E-02    0.203111823073997499E+00    0.252143511689668920E-02   -0.546094824822425384E-02    0.159991753198814735E+01    0.194828494321297369E+00    0.500426211581229363E+05
    0.189543789592441585E-02    0.253081148570287549E-02    0.203111823073997499E+00    0.252143511689668920E-02   -0.546094824822425384E-02    0.159991753198814735E+01    0.194828494321297369E+00    0.500426211581229363E+05
    0.198813119827787391E-02    0.338836537335368863E-02    0.208134000358282945E+00    0.124275616625977997E-01   -0.338741432815987953E-02    0.159966368400507664E+01    0.190975027385038604E+00    0.500421883329657066E+05
    0.193989885959953610E-02    0.781278695792589828E-03    0.207757950032392336E+00    0.150617264257930233E-01   -0.243631677407821212E-02    0.159975107864232724E+01    0.191020785596957621E+00    0.500425290601963352E+05
    0.193989885959953610E-02    0.781278695792589828E-03    0.207757950032392336E+00    0.150617264257930233E-01   -0.243631677407821212E-02    0.159975107864232724E+01    0.191020785596957621E+00    0.500425290601963352E+05
    0.166069319734118591E-02    0.316493535647630704E-02    0.206501238320217245E+00    0.163486746686423157E-01    0.353034562233447979E-02    0.160014158014150709E+01    0.192022106011382337E+00    0.500423971113121734E+05
    0.145409526349230011E-02    0.171488561566650018E-02    0.205486801953913029E+00    0.748039278654119566E-02   -0.921706194824206682E-03    0.159950842455321607E+01    0.192507221911531551E+00    0.500423996449006663E+05
    0.134482498749958308E-02    0.701482643292398100E-03    0.206337516283504802E+00   -0.252240248520449462E-02   -0.709983116793230784E-02    0.160066919932924279E+01    0.191742793841965548E+00    0.500421760084369525E+05
    0.236994717185508947E-02    0.111140696765534225E-02    0.202214617735873570E+00    0.279361552262741286E-03    0.284594801438750600E-02    0.160086660839834116E+01    0.194630957618051936E+00    0.500425608787521778E+05
    0.245370832109996625E-02    0.158392640962842150E-02    0.204702889205090999E+00    0.533334767919196873E-03   -0.435761464608232230E-02    0.159974043528847631E+01    0.191887104532085573E+00    0.500423245675701255E+05
    0.287825279160796319E-02    0.170801061374977262E-02    0.203076347600852053E+00    0.925950970945672858E-02   -0.280944905506369524E-03    0.160088608719905068E+01    0.193503309978192928E+00    0.500429251442140958E+05
    0.287825279160796319E-02    0.170801061374977262E-02    0.203076347600852053E+00    0.925950970945672858E-02   -0.280944905506369524E-03    0.160088608719905068E+01    0.193503309978192928E+00    0.500429251442140958E+05
    0.113960155731066166E-02    0.195284245787306584E-02    0.207302890481236013E+00    0.139332726650047006E-01   -0.368629048539079185E-02    0.159999896373650818E+01    0.192338202479171300E+00    0.500429888311818504E+05
    0.113960155731066166E-02    0.195284245787306584E-02    0.207302890481236013E+00    0.139332726650047006E-01   -0.368629048539079185E-02    0.159999896373650818E+01    0.192338202479171300E+00    0.500429888311818504E+05
    0.127261429921089893E-02    0.233547002197575506E-02    0.205699506887090766E+00    0.666999492615719114E-02    0.363630223553523813E-02    0.160077681875161004E+01    0.191689519656990909E+00    0.500429353481135768E+05
    0.127261429921089893E-02    0.233547002197575506E-02    0.205699506887090766E+00    0.666999492615719114E-02    0.363630223553523813E-02    0.160077681875161004E+01    0.191689519656990909E+00    0.500429353481135768E+05
    0.125241435965325648E-02    0.251784034067180449E-02    0.207709122593686540E+00    0.139804620082310260E-01   -0.246791677009100541E-02    0.159985934596159152E+01    0.190473894933398141E+00    0.500425269309973664E+05
    0.125241435965325648E-02    0.251784034067180449E-02    0.207709122593686540E+00    0.139804620082310260E-01   -0.246791677009100541E-02    0.159985934596159152E+01    0.190473894933398141E+00    0.500425269309973664E+05
    0.218168239062206020E-02    0.151970318908605851E-02    0.203093812170799082E+00    0.544420718456514741E-02    0.236467725421934949E-03    0.160129722313203082E+01    0.193451378204212793E+00    0.500428416153329235E+05
    0.178713055478377713E-02    0.571914262309775544E-03    0.204571459097968228E+00    0.120685664137083898E-01   -0.399154771806384256E-02    0.160066673407523496E+01    0.193134490279071730E+00    0.500429015920975799E+05
    0.178713055478377713E-02    0.571914262309775544E-03    0.204571459097968228E+00    0.120685664137083898E-01   -0.399154771806384256E-02    0.160066673407523496E+01    0.193134490279071730E+00    0.500429015920975799E+05
    0.145298578802733843E-02    0.236207745704619535E-02    0.206336111007114020E+00   -0.361447534518861968E-02    0.677231101625774823E-02    0.160097305804242396E+01    0.191315422135724084E+00    0.500431512928344018E+05
    0.145298578802733843E-02    0.236207745704619535E-02    0.206336111007114020E+00   -0.361447534518861968E-02    0.677231101625774823E-02    0.160097305804242396E+01    0.191315422135724084E+00    0.500431512928344018E+05
    0.122485191217784400E-02    0.195757629343047560E-02    0.204381135355447358E+00   -0.499402228939974102E-02    0.113866286153241347E-01    0.159990030766065816E+01    0.193614736378307672E+00    0.500430572774561879E+05
    0.122485191217784400E-02    0.195757629343047560E-02    0.204381135355447358E+00   -0.499402228939974102E-02    0.113866286153241347E-01    0.159990030766065816E+01    0.193614736378307672E+00    0.500430572774561879E+05
    0.122485191217784400E-02    0.195757629343047560E-02    0.204381135355447358E+00   -0.499402228939974102E-02    0.113866286153241347E-01    0.159990030766065816E+01    0.193614736378307672E+00    0.500430572774561879E+05
    0.213231855150255566E-02    0.730938869906112842E-03    0.205987771624370292E+00   -0.207544729214005630E-02    0.115611637613630275E-01    0.159955389087280375E+01    0.192493873989037806E+00    0.500425003644111202E+05
    0.213231855150255566E-02    0.730938869906112842E-03    0.205987771624370292E+00   -0.207544729214005630E-02    0.115611637613630275E-01    0.159955389087280375E+01    0.192493873989037806E+00    0.500425003644111202E+05
    0.276819035971502406E-02    0.262945735782481099E-02    0.203248123694160704E+00   -0.427294150290205565E-02    0.723283838969113191E-02    0.160051690129401059E+01    0.194613148913930278E+00    0.500431003148546297E+05
    0.276819035971502406E-02    0.262945735782481099E-02    0.203248123694160704E+00   -0.427294150290205565E-02    0.723283838969113191E-02    0.160051690129401059E+01    0.194613148913930278E+00    0.500431003148546297E+05
    0.276819035971502406E-02    0.262945735782481099E-02    0.203248123694160704E+00   -0.427294150290205565E-02    0.723283838969113191E-02    0.160051690129401059E+01    0.194613148913930278E+00    0.500431003148546297E+05
    0.259210928658420384E-02    0.311649314332381432E-02    0.205102853121445328E+00   -0.117727335135166256E-02    0.130146550492163671E-01    0.160040552594788532E+01    0.193287674532546944E+00    0.500432843443106394E+05
    0.259210928658420384E-02    0.311649314332381432E-02    0.205102853121445328E+00   -0.117727335135166256E-02    0.130146550492163671E-01    0.160040552594788532E+01    0.193287674532546944E+00    0.500432843443106394E+05
    0.259210928658420384E-02    0.311649314332381432E-02    0.205102853121445328E+00   -0.117727335135166256E-02    0.130146550492163671E-01    0.160040552594788532E+01    0.193287674532546944E+00    0.500432843443106394E+05
    0.168198821855691663E-02    0.292630190297689993E-02    0.206490844130905127E+00   -0.641760391161763644E-02    0.239305928810591706E-02    0.160055788156081258E+01    0.190600165004518568E+00    0.500425296084000511E+05
    0.182621766192528649E-02    0.340251551088280486E-02    0.204587296839098404E+00   -0.339622776447370822E-02    0.100778273219659376E-01    0.160028497066406139E+01    0.193014994823219155E+00    0.500431963211174589E+05
    0.182621766192528649E-02    0.340251551088280486E-02    0.204587296839098404E+00   -0.339622776447370822E-02    0.100778273219659376E-01    0.160028497066406139E+01    0.193014994823219155E+00    0.500431963211174589E+05
    0.182621766192528649E-02    0.340251551088280486E-02    0.204587296839098404E+00   -0.339622776447370822E-02    0.100778273219659376E-01    0.160028497066406139E+01    0.193014994823219155E+00    0.500431963211174589E+05
    0.257865989334857227E-02    0.371476329293878027E-02    0.205040058627939920E+00   -0.146163786904864035E-02    0.133188594999879284E-01    0.160030426059254038E+01    0.192727775874260931E+00    0.500427442114576406E+05
    0.257865989334857227E-02    0.371476329293878027E-02    0.205040058627939920E+00   -0.146163786904864035E-02    0.133188594999879284E-01    0.160030426059254038E+01    0.192727775874260931E+00    0.500427442114576406E+05
    0.703717070584287518E-03    0.242212386173682511E-02    0.205916462746591894E+00   -0.761159928979605882E-02    0.113876176891656300E-01    0.160029849077641972E+01    0.191323008762809194E+00    0.500421456041306519E+05
    0.153683122119424478E-02    0.177180474103546376E-02    0.205841718110384875E+00   -0.106978145237981992E-01    0.102458232410599648E-01    0.160109662882382930E+01    0.193352507166376864E+00    0.500428464772152656E+05
    0.153683122119424478E-02    0.177180474103546376E-02    0.205841718110384875E+00   -0.106978145237981992E-01    0.102458232410599648E-01    0.160109662882382930E+01    0.193352507166376864E+00    0.500428464772152656E+05
    0.219929462063279913E-02    0.127135573574204785E-02    0.208357713027288671E+00    0.199535502917291829E-03    0.141542447757152801E-01    0.160041323832445581E+01    0.190655602781364869E+00    0.500427800646750329E+05
    0.219929462063279913E-02    0.127135573574204785E-02    0.208357713027288671E+00    0.199535502917291829E-03    0.141542447757152801E-01    0.160041323832445581E+01    0.190655602781364869E+00    0.500427800646750329E+05
    0.175892344026880179E-02    0.249901040215585275E-02    0.208101800433475592E+00   -0.569838517710027914E-02    0.149328284444615600E-01    0.160030311188937979E+01    0.191872927991025261E+00    0.500428622193676565E+05
    0.175892344026880179E-02    0.249901040215585275E-02    0.208101800433475592E+00   -0.569838517710027914E-02    0.149328284444615600E-01    0.160030311188937979E+01    0.191872927991025261E+00    0.500428622193676565E+05
    0.262396380363502007E-02    0.155874454680779060E-02    0.207815005749392601E+00   -0.192922542838216970E-02    0.132034857717215487E-01    0.160083726101315538E+01    0.190797683378631899E+00    0.500432960101866847E+05
    0.262396380363502007E-02    0.155874454680779060E-02    0.207815005749392601E+00   -0.192922542838216970E-02    0.132034857717215487E-01    0.160083726101315538E+01    0.190797683378631899E+00    0.500432960101866847E+05
    0.262396380363502007E-02    0.155874454680779060E-02    0.207815005749392601E+00   -0.192922542838216970E-02    0.132034857717215487E-01    0.160083726101315538E+01    0.190797683378631899E+00    0.500432960101866847E+05
    0.209259888970367205E-02    0.324211113677985675E-02    0.204295696138944965E+00   -0.544383798250394624E-02    0.838901278940751283E-02    0.160135237377647832E+01    0.192491483743240377E+00    0.500424454168781449E+05
    0.209259888970367205E-02    0.324211113677985675E-02    0.204295696138944965E+00   -0.544383798250394624E-02    0.838901278940751283E-02    0.160135237377647832E+01    0.192491483743240377E+00    0.500424454168781449E+05
    0.229685016357230980E-02    0.133765965378607318E-02    0.206839884864689877E+00   -0.896296764772394616E-02    0.839372614210460999E-02    0.160087149888482916E+01    0.191121956531235315E+00    0.500433411413538124E+05
    0.229685016357230980E-02    0.133765965378607318E-02    0.206839884864689877E+00   -0.896296764772394616E-02    0.839372614210460999E-02    0.160087149888482916E+01    0.191121956531235315E+00    0.500433411413538124E+05
    0.229685016357230980E-02    0.133765965378607318E-02    0.206839884864689877E+00   -0.896296764772394616E-02    0.839372614210460999E-02    0.160087149888482916E+01    0.191121956531235315E+00    0.500433411413538124E+05
    0.115584713899365968E-02    0.112475826359769533E-02    0.205413238395755926E+00   -0.687187754449239407E-02    0.124274215265214316E-01    0.160081101687977845E+01    0.193505742639994288E+00    0.500426098270848815E+05
    0.115584713899365968E-02    0.112475826359769533E-02    0.205413238395755926E+00   -0.687187754449239407E-02    0.124274215265214316E-01    0.160081101687977845E+01    0.193505742639994288E+00    0.500426098270848815E+05
    0.205715898429162857E-02    0.120291550147839693E-02    0.206034186345276898E+00   -0.888870773557294547E-02    0.166600753130186074E-02    0.159990168048485271E+01    0.193122713735347284E+00    0.500426887803118734E+05
    0.205715898429162857E-02    0.120291550147839693E-02    0.206034186345276898E+00   -0.888870773557294547E-02    0.166600753130186074E-02    0.159990168048485271E+01    0.193122713735347284E+00    0.500426887803118734E+05
    0.128788441950932202E-02    0.209850139525164132E-02    0.206310407328849976E+00   -0.260379594858792252E-02    0.628966093580003716E-02    0.160131086204010797E+01    0.191716132870223821E+00    0.500425007090303698E+05
    0.147834318534991317E-02    0.259884796061470805E-02    0.206394523771036037E+00    0.245850604018767183E-02    0.168889850848836370E-01    0.160031498926501281E+01    0.192093103416465377E+00    0.500424269805512886E+05
    0.142913059277829978E-02    0.216907072262939680E-02    0.204707213970213103E+00   -0.510776560132056301E-02    0.930836817368914382E-02    0.159986065634050423E+01    0.193830396234317609E+00    0.500431216076487835E+05
    0.142913059277829978E-02    0.216907072262939680E-02    0.204707213970213103E+00   -0.510776560132056301E-02    0.930836817368914382E-02    0.159986065634050423E+01    0.193830396234317609E+00    0.500431216076487835E+05
    0.265619273016596711E-02    0.951699241084343864E-03    0.204474417125650676E+00   -0.347174587950072056E-02    0.128674583217622263E-02    0.160080621490950858E+01    0.192672843708751207E+00    0.500431455730892048E+05
    0.265619273016596711E-02    0.951699241084343864E-03    0.204474417125650676E+00   -0.347174587950072056E-02    0.128674583217622263E-02    0.160080621490950858E+01    0.192672843708751207E+00    0.500431455730892048E+05
    0.265619273016596711E-02    0.951699241084343864E-03    0.204474417125650676E+00   -0.347174587950072056E-02    0.128674583217622263E-02    0.160080621490950858E+01    0.192672843708751207E+00    0.500431455730892048E+05
    0.202239153417858907E-02    0.242441895262263986E-02    0.207568197667645754E+00   -0.122527422671965536E-01    0.218476496272201892E-02    0.160089139075474485E+01    0.190907141149013415E+00    0.500429438899931265E+05
    0.202239153417858907E-02    0.242441895262263986E-02    0.207568197667645754E+00   -0.122527422671965536E-01    0.218476496272201892E-02    0.160089139075474485E+01    0.190907141149013415E+00    0.500429438899931265E+05
    0.132584394911140031E-02    0.836672288057002948E-03    0.207709883747778407E+00   -0.754297102706219524E-03    0.124673845799111727E-01    0.160108697455674687E+01    0.190941440288072778E+00    0.500423719273268798E+05
    0.160852317529732152E-02    0.126156989731152558E-02    0.205448641795716591E+00    0.135002420258258510E-01   -0.503978692432310860E-02    0.160114067730977938E+01    0.192470251676846366E+00    0.500428986706909636E+05
    0.160852317529732152E-02    0.126156989731152558E-02    0.205448641795716591E+00    0.135002420258258510E-01   -0.503978692432310860E-02    0.160114067730977938E+01    0.192470251676846366E+00    0.500428986706909636E+05
    0.143631015744513668E-02    0.327334304938239375E-02    0.204700122710393895E+00    0.680199966688510571E-02   -0.539708146338202521E-02    0.159988878692663139E+01    0.192740810692605707E+00    0.500426885374154808E+05
    0.216659827101148240E-02    0.110290208292355280E-02    0.205244688701857220E+00    0.784594247113090670E-02   -0.119015461223434121E-01    0.160108779262488832E+01    0.193412599417062542E+00    0.500424292043286696E+05
    0.216659827101148240E-02    0.110290208292355280E-02    0.205244688701857220E+00    0.784594247113090670E-02   -0.119015461223434121E-01    0.160108779262488832E+01    0.193412599417062542E+00    0.500424292043286696E+05
    0.293185665447541792E-02    0.111702628127067789E-02    0.205752631748625486E+00   -0.869136911920202759E-02   -0.133855530137630407E-02    0.160056105592173137E+01    0.191894178476374161E+00    0.500425251039791183E+05
    0.334272113679771410E-02    0.189143200834271624E-02    0.205077031807961219E+00   -0.634369660486577835E-03    0.633192637887258769E-02    0.160073998633258419E+01    0.191500574838761123E+00    0.500427632657392242E+05
    0.334272113679771410E-02    0.189143200834271624E-02    0.205077031807961219E+00   -0.634369660486577835E-03    0.633192637887258769E-02    0.160073998633258419E+01    0.191500574838761123E+00    0.500427632657392242E+05
    0.291327633219612761E-02    0.236949174576913529E-02    0.204321160868788348E+00    0.481324747614868265E-02    0.534637936060011754E-03    0.160142902005036070E+01    0.192716657254025397E+00    0.500427507849354733E+05
    0.291327633219612761E-02    0.236949174576913529E-02    0.204321160868788348E+00    0.481324747614868265E-02    0.534637936060011754E-03    0.160142902005036070E+01    0.192716657254025397E+00    0.500427507849354733E+05
    0.312769133740252534E-02    0.224787076970000676E-02    0.205641019772256517E+00   -0.807458729922438945E-02    0.444148586478980423E-02    0.160145212803199155E+01    0.192398263309895123E+00    0.500429896597463739E+05
    0.312769133740252534E-02    0.224787076970000676E-02    0.205641019772256517E+00   -0.807458729922438945E-02    0.444148586478980423E-02    0.160145212803199155E+01    0.192398263309895123E+00    0.500429896597463739E+05
    0.239050222911581147E-02    0.119803067180325440E-02    0.205573120884371380E+00    0.272022048711943742E-02   -0.421085873641365016E-02    0.160119626655614589E+01    0.190912779597853799E+00    0.500422642217966859E+05
    0.193557385414084887E-02    0.753754568231771675E-03    0.205994267410914117E+00   -0.226752411690055167E-02    0.624121556903074748E-02    0.160153848677972599E+01    0.191360650109520747E+00    0.500423834288147409E+05
