   -0.600774948245366008E-02    0.225398024028792589E-01    0.160145223066432463E+01    0.433856748811810235E-03    0.411391831265719900E-02    0.211605589141040912E+00    0.190996900164398159E+00    0.500346567143051434E+05
    0.181590856102725809E-01    0.149525987302592690E-01    0.160084980444023350E+01    0.190287549343593453E-02    0.233791974786594359E-02    0.209329777667276978E+00    0.192869566401763698E+00    0.500356623885395456E+05
   -0.585553227311448078E-02    0.720170028923659746E-02    0.159922951141403380E+01    0.253485835154962846E-02   -0.257435008327701516E-03    0.208062591845690925E+00    0.192935764381832187E+00    0.500356947869602591E+05
   -0.134741757246857833E-01    0.836182258383176037E-02    0.160077239084338530E+01   -0.267440065697521073E-03    0.330692156114421355E-02    0.211591813798990475E+00    0.189536682776204557E+00    0.500363120603415664E+05
   -0.263533010750976278E-02    0.186494876886736695E-01    0.160089155630449476E+01    0.543178333732602207E-02    0.364428131729412682E-02    0.205710326230883200E+00    0.193036433158181642E+00    0.500366621371281362E+05
    0.189639886492236585E-01   -0.107788139829822684E-01    0.159908167613343477E+01    0.274161422317096420E-02    0.406638474445739171E-02    0.211565334538948990E+00    0.189739139116855499E+00    0.500368911399054123E+05
    0.783990103075049398E-02    0.462551370461662063E-02    0.160003768233843036E+01    0.475188325170039678E-02    0.463979141324062996E-02    0.201477432342375279E+00    0.195772182692011992E+00    0.500371205324254406E+05
    0.593700247073015649E-02    0.772947003637827670E-02    0.160041177944464574E+01    0.585292265982617760E-04    0.408114943170583260E-02    0.207219392391015972E+00    0.192178892387545014E+00    0.500372675164993489E+05
    0.142286394259247394E-01   -0.268986888555384227E-02    0.160290470097556592E+01    0.392563091234233042E-02    0.212020686903987036E-02    0.209226070499014510E+00    0.189354945160830790E+00    0.500375013603596381E+05
    0.969758867917444416E-02   -0.868425278893879618E-02    0.159804295363373550E+01    0.257834056617063483E-02    0.119993013608366396E-02    0.208286082353101087E+00    0.190264941153417411E+00    0.500375246178794696E+05
   -0.347202578865256220E-02    0.130391977595317541E-01    0.160056683201901140E+01   -0.179687318775495952E-03    0.422825507835447589E-02    0.207842577635555914E+00    0.189143657791317699E+00    0.500376504189645566E+05
    0.172722166733146887E-02    0.959538589897562799E-02    0.159925334561917643E+01    0.419312738590113532E-02   -0.621208053833781772E-03    0.203619690021820204E+00    0.194145670614773169E+00    0.500378373532121186E+05
    0.478110496781376099E-02    0.168133296102755472E-01    0.160051578968943309E+01    0.251949938387570696E-02    0.330989446576304648E-03    0.206856145531371910E+00    0.190798428936336556E+00    0.500381883901884285E+05
    0.166353351954381702E-01   -0.727650500349118733E-02    0.160022245997971346E+01    0.976064745906444152E-03    0.282003445134351065E-02    0.204714173477001299E+00    0.193786001084959719E+00    0.500382276904562459E+05
    0.178126449848597622E-01   -0.113968823205859112E-02    0.159844166012328492E+01    0.113413403209706933E-02    0.231825975893751269E-02    0.210253093714798112E+00    0.189868263910723423E+00    0.500383570856165461E+05
    0.182359588253093660E-01   -0.366881206202994154E-02    0.159913338553877038E+01    0.410203829519940801E-02    0.305346885220023154E-02    0.204202570200754635E+00    0.193816279744150360E+00    0.500384234870001746E+05
    0.164956129914691253E-01   -0.466170131179003441E-03    0.160162261086071789E+01    0.453676951969580501E-03   -0.166116853713886917E-03    0.207463508509537986E+00    0.190867224113903694E+00    0.500385360662707171E+05
   -0.843832052298636517E-02    0.141676879780079940E-01    0.159864039808947056E+01    0.186977938387194315E-02    0.312980272808373273E-02    0.209632289516412162E+00    0.189117819308301210E+00    0.500385392518393346E+05
    0.141711020332926409E-02   -0.302433678612831465E-02    0.160075766562456123E+01   -0.788039274862937784E-04    0.521483132640854783E-03    0.207636138878597387E+00    0.190287344514435353E+00    0.500385852296395678E+05
   -0.129572329686646146E-01    0.153394932094083735E-01    0.160080936716844047E+01    0.205323951268525850E-02    0.128594732229843117E-02    0.213771012772266400E+00    0.188227063495891661E+00    0.500386102686620579E+05
   -0.126873923989203399E-01    0.652346750346242607E-02    0.160126112221937933E+01    0.435472947096712457E-02    0.165956034903697101E-02    0.205435880675733984E+00    0.194202415718175064E+00    0.500386688636042527E+05
    0.139272304352625262E-01    0.493661978718769063E-02    0.160142480840536927E+01    0.164775404195874374E-02    0.123164850454290150E-02    0.211299558734471732E+00    0.188277195565010463E+00    0.500387340116514169E+05
   -0.868980937771399696E-02    0.663914686427226168E-02    0.160196382541072935E+01    0.228685351160215575E-02   -0.101835260682250385E-02    0.207340010387170093E+00    0.191896781552803652E+00    0.500387761458858658E+05
   -0.380675530651406911E-02   -0.449301897709034666E-02    0.159964420300427279E+01    0.273545262129085143E-02    0.425840323537828632E-02    0.202611327633860167E+00    0.195206284858693985E+00    0.500389313078346167E+05
   -0.106716564275112207E-01    0.139285200203844734E-01    0.160217890904085447E+01    0.584862693808034691E-03    0.345598263823646262E-02    0.205663479573647806E+00    0.193354352400707946E+00    0.500389679876622249E+05
    0.759079452795120672E-02    0.762500924660963926E-02    0.160030221509007786E+01    0.202979976805517121E-02   -0.290725189356364931E-03    0.204229926787698690E+00    0.191909502210859950E+00    0.500389936637611027E+05
   -0.121012732791345359E-01    0.679628983236865779E-03    0.160090745762148501E+01    0.124549802433960395E-02    0.423671403597506054E-02    0.208282515147846903E+00    0.189468293254269893E+00    0.500390158794899326E+05
    0.472266364556199469E-02   -0.423562229879166641E-02    0.160135211328224325E+01   -0.426257653381330412E-03    0.243874048382674560E-02    0.202191454474966559E+00    0.194419738748846854E+00    0.500391130530774099E+05
    0.107384656198588370E-01    0.646939601234641955E-02    0.160272331731782502E+01    0.128412898781149086E-02    0.165334524537680337E-02    0.204927960954516070E+00    0.192735776108089202E+00    0.500391520098470719E+05
   -0.941841034811164487E-04    0.598777375102156964E-02    0.160042918848355797E+01   -0.579693821172408549E-03    0.339145669649428341E-02    0.205137610417167271E+00    0.192593029020254880E+00    0.500392382737519802E+05
    0.871255854026010100E-02   -0.647382408078343310E-03    0.160069700892035671E+01    0.488929591252800725E-02    0.264092261093688721E-03    0.202907239882285456E+00    0.193549190102405788E+00    0.500392558226841502E+05
    0.170616420789364877E-01   -0.801531296625450883E-02    0.159879130363228250E+01    0.135880868064026223E-02    0.864262784923372799E-03    0.206621922685796988E+00    0.192981861992106429E+00    0.500392589875214326E+05
    0.580041563775123264E-02    0.132894787815381957E-01    0.160150725881569889E+01    0.382609295386245746E-02    0.451796697107579442E-02    0.204965427458685456E+00    0.192418023195235433E+00    0.500392850350617155E+05
   -0.532029695655818202E-02   -0.163224700371772478E-02    0.160011350407480912E+01    0.383855380166460728E-02    0.390022347678859469E-02    0.207411396528142694E+00    0.190089715322112440E+00    0.500392925389828670E+05
   -0.917559601139496944E-02   -0.116686610193163622E-02    0.160098341801657917E+01    0.593947849040328546E-03    0.395777320117716644E-02    0.203202825257400937E+00    0.194296875230183352E+00    0.500392975814065430E+05
    0.132034699241063303E-01    0.340791089017915792E-02    0.160026684233419902E+01    0.272230320690358945E-02    0.290047697301580283E-02    0.201152266213206310E+00    0.197053591727566729E+00    0.500393562401297750E+05
    0.182317939405912156E-01   -0.362282261203937007E-02    0.160147593639805907E+01    0.159576067621254440E-02    0.806467984814188696E-04    0.210880615733737425E+00    0.188451084306681255E+00    0.500393656999728337E+05
   -0.722170965949954957E-03    0.144406905092585493E-01    0.160047229558658910E+01    0.471588130571385863E-02    0.411879757569931330E-02    0.204757825317521874E+00    0.193928204600931325E+00    0.500394223161673508E+05
   -0.131016142353136220E-01    0.913255587724107372E-02    0.160056359323722597E+01    0.397300202517021986E-02    0.183373299043303401E-02    0.206839492918253237E+00    0.191749692259453430E+00    0.500394252988364315E+05
    0.168244253259309667E-01    0.288022388063361150E-02    0.159934452783746694E+01    0.276150493866950467E-02    0.320191709979388700E-02    0.204582304241903989E+00    0.192459204062595840E+00    0.500394371562213710E+05
   -0.114448407905110607E-01    0.127430197337482700E-01    0.160152710104201756E+01    0.329865596236536475E-03    0.413019690050392494E-02    0.209295516773855134E+00    0.189733861475812449E+00    0.500394508092083706E+05
    0.746763201146518826E-02   -0.110439682015973286E-01    0.160102977863184970E+01    0.119332126466342192E-04    0.254008299287636092E-02    0.209729000111294001E+00    0.188708288996848883E+00    0.500394807882295572E+05
    0.107332844628597081E-01   -0.123797827329708982E-01    0.159988482626786155E+01    0.378660489983073667E-02    0.156379573685678131E-02    0.204616559514469804E+00    0.192993287890639298E+00    0.500395696985051909E+05
    0.151843474122774370E-01   -0.315419880630429068E-02    0.160104874615676174E+01    0.106767103649208005E-02    0.446712877911739897E-02    0.210356270042039911E+00    0.189911999518690339E+00    0.500395798972819102E+05
    0.542499110884864071E-02    0.753029219541195057E-02    0.159991993283280975E+01    0.976724863688821629E-03   -0.125612856983858405E-03    0.202862102665110955E+00    0.194812466557122921E+00    0.500398005593241905E+05
   -0.704073400537919784E-02    0.115074872230869641E-01    0.159959125260224710E+01    0.605231037903931966E-03    0.727845287480645485E-03    0.209591566287154529E+00    0.190180378707966474E+00    0.500398018355881068E+05
   -0.890858871996205552E-02   -0.456975223958809140E-02    0.160087561084531549E+01    0.225611542783438288E-02    0.313488464716720015E-02    0.203536511666648628E+00    0.194698021720921322E+00    0.500398729719671610E+05
    0.584933795855254943E-02   -0.119475172841624379E-01    0.160156006650951266E+01    0.542839069672952125E-03    0.211873684547671292E-02    0.205877347211066819E+00    0.194160085194653970E+00    0.500398793928204032E+05
   -0.427400734635393145E-02    0.300225655407109632E-02    0.160084577701390041E+01    0.350268984024585599E-03    0.337719219312913009E-02    0.201454596439402972E+00    0.195768372336964869E+00    0.500399205543946591E+05
    0.750504224568676777E-02    0.545414509405999469E-02    0.160017264308433682E+01   -0.486179417727367232E-03    0.257609176599273362E-02    0.205663269134055776E+00    0.191274752467511827E+00    0.500399251966738884E+05
    0.250629553190709082E-02    0.130621150524387105E-01    0.159982752923946769E+01    0.214985170335158220E-02    0.453482221969466089E-02    0.203340153618718267E+00    0.194963157371050105E+00    0.500400032481808812E+05
   -0.281214932123869527E-03    0.590012323674301425E-02    0.160256663408232058E+01    0.224502580953225622E-02    0.204716957564030034E-02    0.205760413914337803E+00    0.190638522859571169E+00    0.500400349177919052E+05
   -0.297055482608444719E-02   -0.119538253261615695E-01    0.160093087203084239E+01   -0.534255811643125471E-04    0.176524545739373067E-02    0.208674205392362477E+00    0.190979865601777460E+00    0.500401669651730408E+05
    0.160119302803972104E-02    0.737160493177825213E-02    0.160220794719252413E+01    0.763518085591401293E-03    0.270481796989989432E-02    0.203099531734781069E+00    0.194028366505848981E+00    0.500401824657239558E+05
   -0.613272409319957825E-02    0.163761245695730126E-01    0.160174619297779808E+01    0.197492329759519627E-02    0.329837677663901655E-02    0.207579900960099567E+00    0.190183532226110480E+00    0.500402445679669981E+05
    0.121610216969419462E-02    0.131371589362911795E-01    0.160221970781990852E+01    0.346914430746664455E-02    0.296790579851104620E-02    0.207691668220167158E+00    0.190477946725211178E+00    0.500402613462749941E+05
   -0.543618187449888390E-02    0.166995356426071183E-01    0.160121086717524119E+01    0.108667483826428498E-04    0.326384490001642999E-02    0.208967634881170095E+00    0.190086485108527492E+00    0.500402960969071937E+05
    0.139617366312014997E-01   -0.106465661243853836E-01    0.160088817163475872E+01    0.251673281889776322E-02    0.179403919179316413E-02    0.204529943300537226E+00    0.193677471661187317E+00    0.500403049641373946E+05
    0.581232429530377775E-02   -0.997542376849596193E-02    0.160200156637226021E+01    0.268860893994548114E-02    0.134363057490565624E-02    0.207805713270947046E+00    0.192048610850135831E+00    0.500403290360944738E+05
    0.822079944159704451E-02   -0.844232028886595515E-02    0.160152987712078221E+01    0.216576872038855154E-02    0.296027621185167549E-02    0.203489434652403656E+00    0.195428454197386775E+00    0.500403343531082865E+05
    0.129725429134006504E-01   -0.675934183114947854E-02    0.159993053074263392E+01    0.437578529156659388E-02    0.112415019656696819E-02    0.208593073096597637E+00    0.190283314116323654E+00    0.500403685703171359E+05
   -0.105527158516306035E-01    0.753474688414080261E-03    0.159918306310537583E+01    0.113632399602498998E-02    0.348371411423673829E-02    0.206206506757208391E+00    0.191637978332229925E+00    0.500404291073132044E+05
   -0.654797633255753408E-02   -0.137612646102721042E-02    0.160121101723103032E+01    0.821343149358990656E-03    0.197568877683985912E-02    0.205259584681031670E+00    0.194052159729052293E+00    0.500404489612619436E+05
    0.108570037721907788E-01    0.583118167801325183E-02    0.160069696999367816E+01    0.269652766932415361E-02    0.262103836348582088E-02    0.201782068270456277E+00    0.196416076728354788E+00    0.500404755950428007E+05
    0.161701536805462648E-01   -0.113307463065690835E-01    0.160144367782234620E+01    0.173766447765149332E-02    0.251131328010251176E-02    0.211304757695838868E+00    0.189593019720809469E+00    0.500405160159089064E+05
    0.168274619793894256E-01    0.964834820131544278E-02    0.160022624225216448E+01    0.164802240418861386E-02    0.176763240608840562E-02    0.207838247104399215E+00    0.191757711905149814E+00    0.500405595447326559E+05
    0.574325646573719054E-02   -0.100064296186945026E-01    0.160038670635962177E+01    0.387976107927079502E-02    0.301324955164380221E-02    0.208198823218344237E+00    0.189611345141138754E+00    0.500405674101841214E+05
    0.574325646573719054E-02   -0.100064296186945026E-01    0.160038670635962177E+01    0.387976107927079502E-02    0.301324955164380221E-02    0.208198823218344237E+00    0.189611345141138754E+00    0.500405674101841214E+05
    0.149911872447699140E-01    0.380711544604412939E-02    0.160120420415727271E+01    0.380637408995481308E-02    0.286522453876139659E-02    0.203673565852811850E+00    0.194964794678866793E+00    0.500405871108732972E+05
    0.356340122757810296E-02   -0.189071369966934224E-02    0.159969828712934148E+01    0.142482462546262905E-02    0.362335609615744257E-02    0.202248946256333162E+00    0.193733951368739277E+00    0.500406001533289236E+05
    0.223421997617538224E-02    0.308129170230804061E-02    0.160141428054225621E+01    0.426514890108447772E-02    0.170970741234903164E-02    0.202507403458703161E+00    0.194730733500343228E+00    0.500406532626909539E+05
   -0.379145805262722738E-02    0.670414035591789209E-03    0.160017562526342050E+01    0.285962287715130084E-02    0.416649779270299604E-03    0.202984732666245254E+00    0.195584581497487892E+00    0.500406726582050687E+05
    0.490149648500162478E-02    0.581722364196764988E-02    0.159992491175898688E+01    0.385139677772700388E-02    0.327401480850462480E-02    0.205079642673607759E+00    0.192805093824739898E+00    0.500407554471192852E+05
   -0.804124541564576502E-02    0.169747181901344045E-01    0.160186839498788047E+01    0.114352647954669442E-02    0.290149471930229710E-02    0.207773952342256263E+00    0.191376885678447101E+00    0.500407887246973041E+05
    0.987712869832306408E-03    0.146041814778925440E-01    0.160018180417096434E+01    0.568450038606156541E-03    0.527651971329760622E-03    0.207248381461694164E+00    0.192325589636965805E+00    0.500408853844330370E+05
    0.913358709442674103E-02   -0.734733834601910846E-02    0.160011269845234727E+01    0.260251338513705927E-02   -0.727543068732812285E-03    0.205135889071396016E+00    0.192819857961690516E+00    0.500409012848697312E+05
    0.186628945249586488E-01   -0.597938686701247977E-02    0.160173886786147457E+01    0.302144967801569247E-02    0.237424092863199694E-02    0.206939547489965375E+00    0.192328607501435017E+00    0.500409275851455168E+05
    0.186628945249586488E-01   -0.597938686701247977E-02    0.160173886786147457E+01    0.302144967801569247E-02    0.237424092863199694E-02    0.206939547489965375E+00    0.192328607501435017E+00    0.500409275851455168E+05
   -0.134453223452110655E-01    0.708484814040924882E-02    0.160132281240910479E+01    0.250974460359665698E-02    0.192119152301451867E-02    0.207548836766038580E+00    0.190468349768371792E+00    0.500409741112060728E+05
    0.129823124793410835E-01   -0.633181232990726647E-02    0.160051388991719934E+01   -0.801035628798016765E-04    0.297224437311540898E-02    0.208528933665744043E+00    0.190533555694794937E+00    0.500409804643997268E+05
    0.129823124793410835E-01   -0.633181232990726647E-02    0.160051388991719934E+01   -0.801035628798016765E-04    0.297224437311540898E-02    0.208528933665744043E+00    0.190533555694794937E+00    0.500409804643997268E+05
    0.162655909801534340E-01   -0.165228045395451580E-02    0.159985723872771213E+01    0.459932790182248242E-02    0.209095758545749764E-02    0.204568274081523588E+00    0.194003462177506303E+00    0.500410229432483466E+05
    0.820880217014403196E-02   -0.765515605784377641E-02    0.160027037143835837E+01    0.294870750441129578E-02    0.972875864205435077E-03    0.204664490120367554E+00    0.194955047145116911E+00    0.500410241082147331E+05
   -0.124758158254413966E-02    0.102008758136064716E-02    0.160229738153417323E+01    0.246729166245870848E-02    0.178058234118101894E-02    0.205738585199310708E+00    0.191471831546762616E+00    0.500410483160632721E+05
   -0.124758158254413966E-02    0.102008758136064716E-02    0.160229738153417323E+01    0.246729166245870848E-02    0.178058234118101894E-02    0.205738585199310708E+00    0.191471831546762616E+00    0.500410483160632721E+05
    0.157361043172802272E-02    0.137028445478589236E-01    0.160176860270555377E+01    0.232333283353255461E-02    0.262427016113217504E-02    0.203933674969013740E+00    0.194623883807266057E+00    0.500410570679956436E+05
    0.167115928181213631E-01   -0.999084577233710176E-03    0.159968250576955584E+01    0.859130072550139665E-03    0.357543877595622268E-02    0.207008996218500718E+00    0.192791511093660883E+00    0.500410707479898119E+05
    0.132830208033336179E-01   -0.708894787064187539E-02    0.159892935940713676E+01    0.281504692820860707E-02    0.318353898638024189E-02    0.207877303313095591E+00    0.191402759402510447E+00    0.500410723408412305E+05
    0.132830208033336179E-01   -0.708894787064187539E-02    0.159892935940713676E+01    0.281504692820860707E-02    0.318353898638024189E-02    0.207877303313095591E+00    0.191402759402510447E+00    0.500410723408412305E+05
    0.216457756550187232E-02    0.973636830641456605E-02    0.160021559720776541E+01    0.189840595811756438E-02    0.257810564513696753E-02    0.201496883177598785E+00    0.194548258775858074E+00    0.500410943163925840E+05
   -0.973213177799453662E-02   -0.574283614782226514E-02    0.160057008258552158E+01    0.265306068895800355E-02    0.173572286569342567E-02    0.208808985773363737E+00    0.190000140820895697E+00    0.500411126282679834E+05
    0.155780184444481440E-01   -0.110085893028440628E-02    0.160143580503229543E+01    0.139461272972567739E-02    0.360161915418645822E-02    0.209844912301056979E+00    0.189852188839863906E+00    0.500411511115187168E+05
    0.155780184444481440E-01   -0.110085893028440628E-02    0.160143580503229543E+01    0.139461272972567739E-02    0.360161915418645822E-02    0.209844912301056979E+00    0.189852188839863906E+00    0.500411511115187168E+05
    0.109672754209390773E-01    0.649704831349075598E-02    0.159924312625165599E+01    0.228507005170865011E-02    0.158641933465529950E-02    0.206598169599212372E+00    0.191166335483875155E+00    0.500412031363222122E+05
    0.677831522131322906E-02   -0.780646319822219867E-02    0.159933762065626284E+01    0.248830645867302190E-02    0.100331877025081127E-02    0.206822349877689854E+00    0.192459909976835514E+00    0.500412102264936620E+05
    0.677831522131322906E-02   -0.780646319822219867E-02    0.159933762065626284E+01    0.248830645867302190E-02    0.100331877025081127E-02    0.206822349877689854E+00    0.192459909976835514E+00    0.500412102264936620E+05
   -0.260945999620362541E-02    0.161237949747622296E-01    0.160097824526419119E+01    0.417591916537764403E-02    0.263332803141273818E-02    0.206544332961956650E+00    0.191778959981240921E+00    0.500412205155649790E+05
   -0.900408961113569745E-02    0.910494309600156163E-02    0.160176900820764168E+01    0.150100441883210009E-02    0.192278542810656191E-02    0.204955728266957987E+00    0.194423719392403216E+00    0.500412569151447096E+05
    0.478530744536693944E-02    0.534448301310143977E-02    0.159961733342734935E+01    0.198720576114204709E-02    0.180906214762340607E-02    0.206054073855330477E+00    0.192335222372663900E+00    0.500412799217845386E+05
    0.478530744536693944E-02    0.534448301310143977E-02    0.159961733342734935E+01    0.198720576114204709E-02    0.180906214762340607E-02    0.206054073855330477E+00    0.192335222372663900E+00    0.500412799217845386E+05
   -0.458578515055599095E-03    0.114341215391432251E-01    0.160021662339958803E+01    0.329319050142915263E-02    0.107629649061789920E-02    0.208943174240114549E+00    0.189601212952946629E+00    0.500412814825320238E+05
   -0.458578515055599095E-03    0.114341215391432251E-01    0.160021662339958803E+01    0.329319050142915263E-02    0.107629649061789920E-02    0.208943174240114549E+00    0.189601212952946629E+00    0.500412814825320238E+05
   -0.241167604072974528E-02    0.751983534767009312E-02    0.159898817701053830E+01    0.106109361343715539E-02    0.192620253923417003E-02    0.203253919448840914E+00    0.194031307705901962E+00    0.500412875921931409E+05
   -0.241167604072974528E-02    0.751983534767009312E-02    0.159898817701053830E+01    0.106109361343715539E-02    0.192620253923417003E-02    0.203253919448840914E+00    0.194031307705901962E+00    0.500412875921931409E+05
    0.682953251431094033E-02   -0.869994425290014466E-02    0.160119303683437475E+01   -0.552706218149350435E-04    0.205264011701077964E-02    0.207802643926349756E+00    0.190374363738259778E+00    0.500412968174672496E+05
    0.150398742839028543E-01   -0.818673120077446741E-02    0.160026729543646806E+01    0.256153888111269141E-02   -0.187952773864790139E-03    0.208492627452173090E+00    0.191281033356683783E+00    0.500413044886374191E+05
    0.150398742839028543E-01   -0.818673120077446741E-02    0.160026729543646806E+01    0.256153888111269141E-02   -0.187952773864790139E-03    0.208492627452173090E+00    0.191281033356683783E+00    0.500413044886374191E+05
    0.140965358008857192E-01    0.166630192183941407E-02    0.160097537114635347E+01    0.486830534754794427E-03    0.662180408917829887E-03    0.207474675549580906E+00    0.191043534561600087E+00    0.500413366493101421E+05
    0.467114421565186042E-02    0.994793428156105775E-02    0.160036872943229769E+01    0.405929185229342727E-02    0.817763263292497068E-03    0.204041356137566882E+00    0.194090425467829286E+00    0.500413439541793923E+05
   -0.139268638305130345E-01    0.693921360428523173E-02    0.159907808436137122E+01    0.218440192564862620E-02    0.243655593270031192E-02    0.206893334767582732E+00    0.192968353954379279E+00    0.500413577038081567E+05
    0.821113658661592853E-02   -0.246725282666457151E-02    0.160218870526713775E+01    0.308529046238868211E-02    0.159765259778094581E-02    0.205195814514049585E+00    0.191607437889519727E+00    0.500413710902548410E+05
    0.785686743520350866E-02    0.274334925726173965E-02    0.160152337584194848E+01    0.377217061778200094E-02    0.128685269075743650E-02    0.203060290445008451E+00    0.193961808530505819E+00    0.500413733250388977E+05
    0.156770424051856337E-01    0.583019925432683335E-02    0.159925716969765630E+01    0.190901377173726761E-02    0.259082168986179322E-02    0.206258420000510784E+00    0.193029890803202653E+00    0.500413924880991108E+05
    0.156770424051856337E-01    0.583019925432683335E-02    0.159925716969765630E+01    0.190901377173726761E-02    0.259082168986179322E-02    0.206258420000510784E+00    0.193029890803202653E+00    0.500413924880991108E+05
    0.107418963907989218E-01   -0.557472584662517230E-03    0.160070637581109998E+01    0.347644418018698770E-02    0.182812647204182404E-02    0.201686473168479791E+00    0.195789395329404203E+00    0.500413976840750765E+05
   -0.206294412619192208E-02    0.106575891860046755E-01    0.160151826446948942E+01    0.364537637875639309E-02    0.346138480645761561E-02    0.207007379365542615E+00    0.191010138764167503E+00    0.500414162719302913E+05
   -0.182732269540448588E-02    0.538555061772729490E-02    0.160216248505069681E+01    0.178125839013463486E-02    0.277753885771467443E-02    0.203777072433456524E+00    0.192934708076509254E+00    0.500414225615418327E+05
   -0.678856064186733697E-02   -0.539818457211893414E-02    0.160043315742519088E+01    0.149836308452250830E-02    0.280634952312323925E-02    0.206948083572178643E+00    0.190515815160107377E+00    0.500414287841990663E+05
   -0.708670025828467710E-02    0.163394280858465235E-02    0.159945331463364582E+01    0.192906889740125501E-02    0.144497618241749772E-02    0.202238438393531977E+00    0.195323859855315418E+00    0.500414541403732583E+05
   -0.497091693630213102E-02    0.124964031397382189E-01    0.160115954775201219E+01    0.397134393658911487E-02    0.294174056429168671E-02    0.204787180477341124E+00    0.193022160609683441E+00    0.500414614198730051E+05
   -0.173835295986810956E-02    0.127988588385947750E-01    0.159980798075440744E+01    0.198377005805810145E-02    0.307266943223906928E-02    0.207956316631235788E+00    0.189645534005630251E+00    0.500414614325189686E+05
   -0.657524377603939587E-03   -0.101280861297713323E-01    0.160045404593155727E+01    0.800871152790024539E-03    0.279138058890416934E-02    0.208690906640038171E+00    0.190108500377854150E+00    0.500414642446593207E+05
    0.443470232828285880E-02   -0.271215324669341919E-03    0.159940250609252499E+01    0.137074232433930269E-02    0.273468247335527902E-02    0.203228634630106014E+00    0.194720681940686341E+00    0.500414754638590239E+05
   -0.211983704627953040E-02    0.849821390847002936E-02    0.160138423369132643E+01    0.166267512277845945E-02    0.193714082121478168E-02    0.203406453302431872E+00    0.192450775652718342E+00    0.500415255835365097E+05
    0.518070225962024775E-02    0.612364287700647471E-02    0.160002721227972922E+01    0.205413755585182566E-02    0.276171779461997302E-03    0.203430058540336550E+00    0.194418129649406024E+00    0.500415889146348854E+05
    0.178428308774309773E-02   -0.220587326319580251E-02    0.160161033273181164E+01    0.520195189133744029E-03    0.187618468592107355E-02    0.205557205978589869E+00    0.191669883143310515E+00    0.500416058912139051E+05
   -0.531595769029235155E-02    0.940707106649269278E-02    0.159879225938297953E+01    0.179183591139153156E-02    0.228544205483923553E-02    0.205172573126777225E+00    0.192570117857212370E+00    0.500416176914018215E+05
   -0.721849432522408962E-02   -0.491625759945685682E-02    0.160044442471856430E+01    0.835996080195982000E-03    0.194818241370413076E-02    0.203741136830878550E+00    0.193698494353124084E+00    0.500416209822279270E+05
    0.890352286653608820E-02   -0.485215674510830301E-02    0.160024064028884649E+01    0.832096712760467994E-03    0.137241095718346521E-03    0.204227699552092912E+00    0.193982070860556993E+00    0.500416250664008330E+05
    0.129122609233110561E-01    0.224017900491431691E-02    0.160119751021627321E+01    0.375150323381309150E-02    0.370891054533659201E-02    0.205268621483240155E+00    0.192734402435105368E+00    0.500416489857955894E+05
    0.129122609233110561E-01    0.224017900491431691E-02    0.160119751021627321E+01    0.375150323381309150E-02    0.370891054533659201E-02    0.205268621483240155E+00    0.192734402435105368E+00    0.500416489857955894E+05
    0.160691258439488796E-01   -0.286224225621713527E-02    0.160013278800644687E+01    0.149988068145287144E-02    0.192704031842794816E-02    0.209619074007999395E+00    0.191190625520486879E+00    0.500416734855863760E+05
    0.290365367261504002E-02   -0.724583102652340359E-02    0.160108040695000464E+01    0.212685172574407283E-02   -0.149786574783522243E-03    0.204510746296433010E+00    0.192633302082081709E+00    0.500416781002905627E+05
   -0.886312412558975388E-02    0.723345437739851289E-02    0.160044838342096307E+01    0.346756202556480373E-02    0.370692957593344013E-02    0.205390475353229490E+00    0.192203910624325597E+00    0.500416941187383127E+05
   -0.886312412558975388E-02    0.723345437739851289E-02    0.160044838342096307E+01    0.346756202556480373E-02    0.370692957593344013E-02    0.205390475353229490E+00    0.192203910624325597E+00    0.500416941187383127E+05
    0.981971042303530876E-02   -0.744719042565463764E-02    0.160023701429465159E+01    0.151450227854300662E-02    0.362949987950905804E-02    0.205339215049867019E+00    0.194082502344681385E+00    0.500417300927154865E+05
    0.660218073677176082E-02   -0.822093052862005180E-02    0.160024802028024560E+01    0.139573492276361144E-02    0.407654721143373491E-02    0.205963819545018800E+00    0.192531645275112462E+00    0.500417428904279586E+05
    0.147891935695468272E-01   -0.833506517836182445E-02    0.160141392563953144E+01    0.131096783184232062E-02    0.230205328553848357E-02    0.206806249688261529E+00    0.192859353491304342E+00    0.500417527175647192E+05
   -0.351795860577278682E-02    0.130286861640836436E-01    0.160084515371042957E+01    0.253558004034860722E-02    0.133140286841782222E-02    0.209960772407245422E+00    0.189153335799629119E+00    0.500417642965109771E+05
   -0.281115046537228248E-02    0.822442929805011942E-02    0.160164747824001985E+01    0.189774288744149031E-02    0.378146223692705282E-02    0.204579707968264690E+00    0.192861524084937924E+00    0.500417966103074286E+05
   -0.281115046537228248E-02    0.822442929805011942E-02    0.160164747824001985E+01    0.189774288744149031E-02    0.378146223692705282E-02    0.204579707968264690E+00    0.192861524084937924E+00    0.500417966103074286E+05
    0.829829670252980704E-02    0.659923500303414082E-02    0.160070628690696082E+01    0.365637269594521874E-02    0.219289446932754636E-02    0.202533248037282926E+00    0.194203508640349021E+00    0.500418222937061873E+05
    0.176717295754581435E-01   -0.324267331856346484E-02    0.160005137233993255E+01    0.112810831902818045E-02    0.218388727309808692E-02    0.207993752944787114E+00    0.192706873715412397E+00    0.500418413730679604E+05
    0.727687318600573046E-02   -0.369237856933233568E-02    0.160114677182233711E+01    0.340266091635346365E-02    0.170492902719970667E-02    0.206733384940970377E+00    0.190161648659782773E+00    0.500418499386534313E+05
    0.864199631429951771E-02    0.283388091228690443E-02    0.160105642712728513E+01    0.742572139748858256E-03    0.762135176513955518E-03    0.205743454576827967E+00    0.191612524079375596E+00    0.500418869248128540E+05
    0.127044674159840793E-01    0.494182053341683629E-03    0.160161738647088225E+01    0.206509475824698772E-02    0.168517857250213821E-02    0.205044167973228192E+00    0.194072799080330011E+00    0.500418916502699576E+05
    0.127044674159840793E-01    0.494182053341683629E-03    0.160161738647088225E+01    0.206509475824698772E-02    0.168517857250213821E-02    0.205044167973228192E+00    0.194072799080330011E+00    0.500418916502699576E+05
    0.589052741135620821E-03   -0.101057803345447460E-01    0.160083322890839996E+01    0.269900783715525941E-02    0.791863818507542523E-03    0.204689743536646429E+00    0.192523191167365576E+00    0.500419217611809217E+05
   -0.427567033281985986E-02    0.121777050845071500E-01    0.159958354507936917E+01    0.152405410043688402E-02    0.161352184806955548E-02    0.203646404542175669E+00    0.194900008325515295E+00    0.500419416206515234E+05
    0.563723612362494481E-02    0.439060873983500646E-02    0.160021734392174442E+01    0.172938057753446901E-02    0.176712943045935467E-02    0.202097132096454385E+00    0.195646844999408126E+00    0.500419490443357136E+05
    0.196258187470854453E-01   -0.140334188148947235E-02    0.160077084974188644E+01    0.320799303113440291E-02    0.323913444253995765E-02    0.209189180133278668E+00    0.191008453711147885E+00    0.500419519652647286E+05
    0.189090085390941319E-01    0.195606980979759091E-02    0.160075448099986883E+01    0.305172911108488130E-02    0.122958914183930626E-02    0.206547389850054636E+00    0.192156567216008017E+00    0.500419545156987297E+05
    0.969533959869365441E-02   -0.114233069739356694E-01    0.160096934206882735E+01    0.289412429892215751E-02    0.107368475505801469E-02    0.209126766755152654E+00    0.190842367151234676E+00    0.500419864438675068E+05
    0.607070469857624168E-02    0.225194827357867678E-02    0.160183603538261199E+01    0.212023327579800381E-02    0.201451355742984783E-02    0.203829544002942259E+00    0.192423408137566032E+00    0.500420050404853246E+05
   -0.381838026773868508E-02    0.980652420062097692E-02    0.160016735966040780E+01    0.312653596911645435E-02    0.141525970900699839E-02    0.208675709337937720E+00    0.189912914056128868E+00    0.500420101598613546E+05
   -0.119705502198685955E-01    0.815756562361828275E-03    0.160063298301364298E+01    0.248895515397035572E-02    0.849388174460948583E-03    0.208865544803450598E+00    0.191086923872012121E+00    0.500420374729867544E+05
    0.735503279948405910E-03   -0.805815276750417031E-02    0.160058393496260720E+01    0.303609205179988144E-02    0.317843145135629805E-02    0.204452234293826557E+00    0.193808203287576086E+00    0.500420634207627882E+05
    0.735503279948405910E-03   -0.805815276750417031E-02    0.160058393496260720E+01    0.303609205179988144E-02    0.317843145135629805E-02    0.204452234293826557E+00    0.193808203287576086E+00    0.500420634207627882E+05
    0.166360911283648209E-01    0.527454828887448379E-02    0.160052771357758994E+01    0.286537124500765459E-02    0.184443979806872028E-02    0.205726168469585663E+00    0.193640212880147350E+00    0.500420682577261468E+05
    0.166360911283648209E-01    0.527454828887448379E-02    0.160052771357758994E+01    0.286537124500765459E-02    0.184443979806872028E-02    0.205726168469585663E+00    0.193640212880147350E+00    0.500420682577261468E+05
   -0.133573645937942725E-01    0.331887611671665360E-03    0.160004959916626754E+01    0.141451061193361436E-02    0.952139745040856875E-03    0.206029269906758267E+00    0.192648864794744579E+00    0.500420749143441280E+05
    0.337069815855507932E-02   -0.219171574299857966E-02    0.159970400517045297E+01    0.100459980409317237E-02    0.195341822157017774E-02    0.205545207156844878E+00    0.191785869291517114E+00    0.500420780335897143E+05
    0.464999352465869393E-02   -0.920897465756959598E-02    0.160132619867136206E+01    0.337347127244700274E-02    0.265145884336538814E-02    0.205550619585649519E+00    0.192048034443544013E+00    0.500420843911960546E+05
    0.464999352465869393E-02   -0.920897465756959598E-02    0.160132619867136206E+01    0.337347127244700274E-02    0.265145884336538814E-02    0.205550619585649519E+00    0.192048034443544013E+00    0.500420843911960546E+05
   -0.405244775664461050E-02   -0.422922455764283833E-02    0.160042446564299334E+01    0.199481116794097187E-02    0.288756855283649021E-02    0.204645572736233128E+00    0.194092826097846893E+00    0.500420991164440638E+05
    0.256461778376096969E-02   -0.198880404823289013E-04    0.160037917544259556E+01    0.163471384113678792E-02    0.467264591685495525E-03    0.204702529870329386E+00    0.192557739631659841E+00    0.500421036847232535E+05
    0.467952400947558352E-02   -0.810890392972777978E-02    0.160093235577509918E+01    0.298926794464805627E-02    0.283001224101960122E-02    0.203491609285341518E+00    0.194222777480265396E+00    0.500421119293513621E+05
   -0.684242340829245219E-02    0.125818893748501758E-01    0.159999873195717424E+01    0.239185276126909971E-02    0.216597868611899088E-02    0.204949309978299687E+00    0.194750916258037615E+00    0.500421174908143221E+05
   -0.705200518544113909E-02    0.701221352017370163E-02    0.159986750560488034E+01    0.275817173996219765E-02    0.210684031025372117E-02    0.203610791803228303E+00    0.193165564002280243E+00    0.500421257795709898E+05
    0.832428326575971418E-03   -0.125174989726207684E-02    0.159981316550918451E+01    0.146903347616988283E-02    0.309093118230794077E-02    0.202944112922925801E+00    0.194480024119638578E+00    0.500421287785132881E+05
   -0.527528032900185270E-03    0.116132661571340459E-01    0.160082306343233971E+01    0.344166633957829595E-02    0.365785054282645548E-02    0.204564011807262164E+00    0.193504327481762717E+00    0.500421368661418746E+05
    0.185136488635685888E-01    0.154648460520485291E-02    0.160121283947729931E+01    0.308052368871052388E-02    0.174592469506508127E-02    0.208916436452401572E+00    0.190199728136563190E+00    0.500421427580148011E+05
   -0.395166756330421823E-02    0.101971257672515015E-01    0.159974276671284499E+01    0.303386631180969967E-02    0.245474468089169548E-02    0.202902846457552688E+00    0.194998564894944937E+00    0.500421627639469953E+05
    0.617803543325956724E-02    0.123481654202430482E-01    0.160156236739939128E+01    0.258722331831060144E-02    0.203385624696527951E-02    0.205473290365784295E+00    0.192949807558055408E+00    0.500422077268989087E+05
    0.162471410981406255E-02    0.132805117293053349E-01    0.160125126704467169E+01    0.279782714584599166E-02    0.336827206332317381E-02    0.207051645733095757E+00    0.190887930844117176E+00    0.500422228850124375E+05
   -0.127269572993698246E-01    0.855514494928937864E-02    0.160095713944959206E+01    0.244623556705954705E-02    0.216082691406326802E-02    0.209390538820080963E+00    0.189493332412069143E+00    0.500422302483237145E+05
   -0.108958758882730031E-01    0.273624287839108454E-02    0.160131706988875200E+01    0.132994047300838739E-02    0.277491454711079749E-02    0.204835791382484977E+00    0.193671584402780039E+00    0.500422348838716425E+05
   -0.878167601973975018E-02    0.963522455721371393E-02    0.160072069580206722E+01    0.108575754572934444E-02    0.332845025328339095E-02    0.207791007230985425E+00    0.191537421564418775E+00    0.500422446091983875E+05
   -0.880699786088903584E-02    0.143903228070968170E-01    0.159993836897963893E+01    0.141142659684464111E-02    0.121051335291064936E-02    0.208091460516700438E+00    0.192016687867573838E+00    0.500422475876575481E+05
   -0.210182931507871739E-02    0.282794406085849987E-02    0.160045209872317606E+01    0.229593497104923615E-02    0.311352734757479712E-02    0.205979042199184503E+00    0.190897661420894094E+00    0.500422646769823987E+05
    0.553240095830675235E-02    0.436373595942204495E-02    0.160100848523104844E+01    0.181594065063332027E-02    0.568097463133104179E-03    0.205154303926766951E+00    0.191842180483872166E+00    0.500422750594097452E+05
    0.123894967634495621E-01   -0.774609497652714672E-02    0.160038217407511918E+01    0.172718629387153661E-02    0.234121128621189549E-02    0.208995458433729547E+00    0.191494974619863201E+00    0.500422866321319234E+05
    0.122953017082071212E-01   -0.289136721135039047E-02    0.160038680415753687E+01    0.362265589775538199E-02    0.187831844762157861E-02    0.204461952282208009E+00    0.194418982126851020E+00    0.500422998804811650E+05
    0.939620789961201006E-02   -0.269461675838929922E-02    0.160096847971479495E+01    0.300630506983080468E-02    0.199296690369188704E-02    0.203092041895120146E+00    0.193151221024200320E+00    0.500423062884639585E+05
   -0.144041661531627320E-01    0.346142689726763398E-02    0.160112596804219764E+01    0.264348362078769368E-02    0.209507902673983226E-02    0.208431350286747780E+00    0.191207958279333901E+00    0.500423449356171332E+05
    0.511026265051570550E-02   -0.199788744917961392E-02    0.159996383829984956E+01    0.778584310948798853E-03    0.115153853604014426E-02    0.204232271702864426E+00    0.192849975967332971E+00    0.500423555905836765E+05
    0.903297752961117672E-03    0.126615362478199496E-01    0.160147007898134119E+01    0.166616296052799926E-02    0.165761122650649002E-02    0.205577176254994498E+00    0.192894261167858710E+00    0.500427540863811737E+05
    0.748956595604616075E-02   -0.481434243529002288E-02    0.160050591379257656E+01    0.145731880730775318E-02    0.357985015958119015E-02    0.206225088608142842E+00    0.191094607194016275E+00    0.500424250803755349E+05
    0.804416669635385842E-02   -0.616465881911218341E-02    0.160055291483683582E+01    0.277083808977875807E-02    0.451862289335880265E-03    0.204245641043789700E+00    0.193041131371325031E+00    0.500428012348391494E+05
    0.111625780483730133E-01    0.347644834737098271E-02    0.160018433818113914E+01    0.151141426135707985E-02    0.276288446527730817E-02    0.206120096256369928E+00    0.192141623003654782E+00    0.500432118803894264E+05
    0.111625780483730133E-01    0.347644834737098271E-02    0.160018433818113914E+01    0.151141426135707985E-02    0.276288446527730817E-02    0.206120096256369928E+00    0.192141623003654782E+00    0.500432118803894264E+05
   -0.850859189043577310E-02    0.109073254044966868E-01    0.160087260949019106E+01    0.203558373122919014E-02    0.214721948703222761E-02    0.209293023455457528E+00    0.190590649909770371E+00    0.500426741261250208E+05
   -0.850859189043577310E-02    0.109073254044966868E-01    0.160087260949019106E+01    0.203558373122919014E-02    0.214721948703222761E-02    0.209293023455457528E+00    0.190590649909770371E+00    0.500426741261250208E+05
    0.473251230261914450E-02    0.104292118473663497E-01    0.160004469437521801E+01    0.169603999639057323E-02    0.211573236464795847E-02    0.206287904072965461E+00    0.191631264542422658E+00    0.500428922250797405E+05
    0.473251230261914450E-02    0.104292118473663497E-01    0.160004469437521801E+01    0.169603999639057323E-02    0.211573236464795847E-02    0.206287904072965461E+00    0.191631264542422658E+00    0.500428922250797405E+05
    0.700834192514559801E-04   -0.254875023802343193E-02    0.160150005419979036E+01    0.145979624451772439E-02    0.196297065266091671E-02    0.204002500454903757E+00    0.193711868650543267E+00    0.500423853498496755E+05
    0.518569464790798271E-02   -0.205664461646158907E-02    0.160105717798065794E+01    0.320892340045009303E-02    0.206536481648691593E-02    0.204367376547735791E+00    0.192215728169870897E+00    0.500428978736466597E+05
    0.518569464790798271E-02   -0.205664461646158907E-02    0.160105717798065794E+01    0.320892340045009303E-02    0.206536481648691593E-02    0.204367376547735791E+00    0.192215728169870897E+00    0.500428978736466597E+05
   -0.704046225323194576E-02   -0.374568463112020340E-02    0.160112482175270898E+01    0.135956391157101924E-02    0.179377591605996449E-02    0.205623171879979028E+00    0.192165518812724645E+00    0.500426653333267823E+05
   -0.397950817838139698E-02    0.733627181874555497E-02    0.160079937872472611E+01    0.171895933273448270E-02    0.333151806913813738E-02    0.206652319897272119E+00    0.190778284223119432E+00    0.500424977223656460E+05
   -0.112902962898729243E-01    0.923251325947852843E-02    0.160034824044793056E+01    0.336394508855144886E-02    0.307593223323372918E-02    0.206874063901276356E+00    0.192081344590994296E+00    0.500423803760931769E+05
   -0.553959175593256217E-02    0.563654506673959277E-02    0.160012649946980523E+01    0.277574028121223108E-02    0.231039127407868874E-02    0.205380805171456432E+00    0.193041200397599533E+00    0.500435256769873449E+05
   -0.553959175593256217E-02    0.563654506673959277E-02    0.160012649946980523E+01    0.277574028121223108E-02    0.231039127407868874E-02    0.205380805171456432E+00    0.193041200397599533E+00    0.500435256769873449E+05
    0.138977163790866068E-01    0.205170782443135245E-02    0.160037237066333371E+01    0.194964503321900986E-02    0.154763674663345712E-02    0.208711631560542815E+00    0.190307168590520603E+00    0.500424958777448846E+05
    0.121779253485262869E-01    0.476224778775929860E-02    0.160064156486712017E+01    0.165081534313759617E-02    0.361893426556437548E-02    0.206329157371687860E+00    0.191322948798679393E+00    0.500424141352861916E+05
   -0.577076987374513378E-02    0.799079278365323609E-02    0.160100916709075980E+01    0.483088027389303452E-03    0.153807645238754581E-02    0.204178547889511453E+00    0.193665849338589935E+00    0.500425095532158884E+05
   -0.673886261334425123E-02    0.150104667832971122E-02    0.160187697318601696E+01    0.191875841994398064E-02    0.234556177539681351E-02    0.205218252841844473E+00    0.192327467709897476E+00    0.500424153356726820E+05
    0.155900730162803324E-01    0.138675915828090184E-02    0.160051867869283226E+01    0.332957965323477404E-02    0.318973251053616047E-02    0.205703177792029651E+00    0.193130646182020693E+00    0.500427446654033993E+05
    0.155900730162803324E-01    0.138675915828090184E-02    0.160051867869283226E+01    0.332957965323477404E-02    0.318973251053616047E-02    0.205703177792029651E+00    0.193130646182020693E+00    0.500427446654033993E+05
    0.556955468019173280E-02   -0.116708192110319253E-01    0.160012039520882654E+01    0.169791610898881997E-02    0.163008839085491725E-02    0.208733868329513517E+00    0.190930263341481693E+00    0.500425284788868958E+05
    0.884456357286067876E-02    0.116519710716762176E-02    0.160071651680056193E+01    0.164298801343760710E-02    0.290297072564384443E-02    0.207145222006008989E+00    0.190406831615749561E+00    0.500425331058092997E+05
   -0.584739820264828288E-02    0.808866657180257360E-02    0.160076234047285881E+01    0.307734299764783354E-02    0.253029434574245701E-02    0.207730511147469793E+00    0.189787310716442087E+00    0.500424548422805456E+05
    0.734252760154262794E-02   -0.267656666264227397E-03    0.159960591441743993E+01    0.298083608888418186E-02    0.302767506940292705E-02    0.204736904301569961E+00    0.192623010920944276E+00    0.500424171306216958E+05
    0.910326562226764294E-02   -0.384372803456116451E-02    0.160074669290927685E+01    0.160070937647376738E-02    0.195223848525330674E-02    0.206305453457979293E+00    0.191994809826552315E+00    0.500438316373841444E+05
    0.910326562226764294E-02   -0.384372803456116451E-02    0.160074669290927685E+01    0.160070937647376738E-02    0.195223848525330674E-02    0.206305453457979293E+00    0.191994809826552315E+00    0.500438316373841444E+05
    0.910326562226764294E-02   -0.384372803456116451E-02    0.160074669290927685E+01    0.160070937647376738E-02    0.195223848525330674E-02    0.206305453457979293E+00    0.191994809826552315E+00    0.500438316373841444E+05
   -0.524240340162519369E-02    0.380286507081024948E-02    0.160163862220761199E+01    0.264742948893843246E-02    0.232910096478073769E-02    0.204830113683328791E+00    0.192968174332678349E+00    0.500428951172004890E+05
   -0.772888082251675570E-02    0.472243601409611056E-02    0.160009635515374815E+01    0.358473825587471689E-02    0.223981923100554378E-02    0.204852365418367321E+00    0.192752960554567337E+00    0.500427287262605241E+05
    0.260820755287780688E-02   -0.845711431331453226E-02    0.159952032997662252E+01    0.303439536361911188E-02    0.249664075075992434E-02    0.205295028203537400E+00    0.193162594274214588E+00    0.500424095558973495E+05
    0.121327290101264969E-01   -0.812275097553326309E-03    0.160115417642492219E+01    0.179031096388571325E-02    0.200854283157484879E-02    0.204348270863525888E+00    0.194358096502594391E+00    0.500428224702610969E+05
    0.121327290101264969E-01   -0.812275097553326309E-03    0.160115417642492219E+01    0.179031096388571325E-02    0.200854283157484879E-02    0.204348270863525888E+00    0.194358096502594391E+00    0.500428224702610969E+05
    0.459027857175871995E-02    0.702202511745402599E-02    0.159993294939219322E+01    0.213846857445304690E-02    0.166809077835693696E-02    0.203399468263641831E+00    0.194158173947090562E+00    0.500428866686521142E+05
    0.459027857175871995E-02    0.702202511745402599E-02    0.159993294939219322E+01    0.213846857445304690E-02    0.166809077835693696E-02    0.203399468263641831E+00    0.194158173947090562E+00    0.500428866686521142E+05
    0.148073440541322716E-01    0.238264664982864834E-02    0.160111556429037982E+01    0.209448219582765915E-02    0.160179296856466195E-02    0.204498344518514341E+00    0.193981516248143332E+00    0.500424805641684798E+05
   -0.940721472899833620E-02    0.423677002605437822E-02    0.160093220924432234E+01    0.742045677911642282E-03    0.129207539049476733E-02    0.206279016844139018E+00    0.192671827355717085E+00    0.500425375229283236E+05
   -0.758005593364513217E-02    0.198805896268674370E-02    0.160018179465722010E+01    0.332194641971901572E-02    0.140805487508815835E-02    0.204866731171334970E+00    0.193450526146454665E+00    0.500429671575136454E+05
   -0.758005593364513217E-02    0.198805896268674370E-02    0.160018179465722010E+01    0.332194641971901572E-02    0.140805487508815835E-02    0.204866731171334970E+00    0.193450526146454665E+00    0.500429671575136454E+05
    0.947368763854093340E-02    0.427221762692651073E-02    0.160090600069209033E+01    0.190445406127066441E-02    0.325898157032695340E-02    0.206034571633278873E+00    0.191203413548876572E+00    0.500426713852021858E+05
    0.947368763854093340E-02    0.427221762692651073E-02    0.160090600069209033E+01    0.190445406127066441E-02    0.325898157032695340E-02    0.206034571633278873E+00    0.191203413548876572E+00    0.500426713852021858E+05
    0.655050763972402344E-02   -0.376690145952648310E-04    0.160059090202736543E+01    0.155943755842016633E-02    0.250029501668085942E-02    0.203006461697075286E+00    0.194367395836023860E+00    0.500431501920441951E+05
    0.655050763972402344E-02   -0.376690145952648310E-04    0.160059090202736543E+01    0.155943755842016633E-02    0.250029501668085942E-02    0.203006461697075286E+00    0.194367395836023860E+00    0.500431501920441951E+05
    0.106792875563121378E-01   -0.257986484970322430E-02    0.159985663837711711E+01    0.239046101542231097E-02    0.155119533364325474E-02    0.206627839773179389E+00    0.192349250889426227E+00    0.500427008035676627E+05
    0.106792875563121378E-01   -0.257986484970322430E-02    0.159985663837711711E+01    0.239046101542231097E-02    0.155119533364325474E-02    0.206627839773179389E+00    0.192349250889426227E+00    0.500427008035676627E+05
    0.221461925422010127E-02   -0.983618379265257733E-02    0.160034261188816096E+01    0.206410298532945860E-02    0.198614787302067806E-02    0.206931514955129348E+00    0.192644084499349139E+00    0.500426102158698559E+05
    0.480203119703199316E-02   -0.551707933792956913E-02    0.160109192819915380E+01    0.107139982830381790E-02    0.228641202991214333E-02    0.205243965387040456E+00    0.192002345106507211E+00    0.500431521544139032E+05
    0.480203119703199316E-02   -0.551707933792956913E-02    0.160109192819915380E+01    0.107139982830381790E-02    0.228641202991214333E-02    0.205243965387040456E+00    0.192002345106507211E+00    0.500431521544139032E+05
    0.592075111516676082E-02   -0.696577827686253783E-02    0.160115037612414812E+01    0.226007159490518869E-02    0.117105454815444256E-02    0.204118829674872382E+00    0.192597584832343238E+00    0.500427078379242812E+05
    0.115767783562801853E-01   -0.404818430212073536E-02    0.159982431848694095E+01    0.133712037600625827E-02    0.195410857846258033E-02    0.204366906385083535E+00    0.193997836325028011E+00    0.500429997551209817E+05
    0.538697039803358573E-02    0.106518276256403043E-01    0.160086382031436303E+01    0.158772824446487613E-02    0.161656784603204495E-02    0.205454800156756018E+00    0.192707213197504473E+00    0.500430289753532925E+05
   -0.401266433241137359E-02    0.426120324641464463E-02    0.160187979597006569E+01    0.179653441472607425E-02    0.209149495369419279E-02    0.205031674652150941E+00    0.191960021337493986E+00    0.500424701013256781E+05
    0.475744873295077825E-02    0.246052231725727355E-02    0.160111145674963051E+01    0.186210845252529969E-02    0.173830768554370354E-02    0.202563500653973882E+00    0.194463801895024269E+00    0.500427400416515229E+05
    0.976572188241741149E-02   -0.281086678767229672E-02    0.160119653519034966E+01    0.309225538964171551E-02    0.213984963061482477E-02    0.204509825958195779E+00    0.192047940837826087E+00    0.500427335011313044E+05
   -0.946077053349884609E-02    0.378359081762136198E-02    0.160147354997234093E+01    0.198426314052680720E-02    0.178763947871423898E-02    0.206347975266095329E+00    0.192119793234400899E+00    0.500433186803681456E+05
   -0.946077053349884609E-02    0.378359081762136198E-02    0.160147354997234093E+01    0.198426314052680720E-02    0.178763947871423898E-02    0.206347975266095329E+00    0.192119793234400899E+00    0.500433186803681456E+05
   -0.262314233734963279E-02    0.144649961463585927E-01    0.160080178804513862E+01    0.788907872015098626E-03    0.198781083542528105E-02    0.206487375662821493E+00    0.192833459323888623E+00    0.500425465020542470E+05
   -0.962173017567915091E-03    0.996268419186038812E-02    0.160114124706767802E+01    0.148824181821912782E-02    0.251635114434049355E-02    0.207131374721372941E+00    0.191223053341720989E+00    0.500425429349596234E+05
    0.749869830856982056E-02   -0.646792341339577203E-02    0.159970813105205223E+01    0.136311811564726474E-02    0.152382174027438570E-02    0.205329569681705182E+00    0.193238251300382413E+00    0.500429823047955797E+05
    0.296115097388964825E-02    0.134259753044554779E-01    0.160044060268448018E+01    0.173361293079742247E-02    0.195488063860877132E-02    0.206115427850080218E+00    0.191211961050546775E+00    0.500426174786511910E+05
    0.503743661211297159E-02    0.203784502979481629E-02    0.160084652100140379E+01    0.200437682676505007E-02    0.212578382037310106E-02    0.202484445154088810E+00    0.193724880461971755E+00    0.500427926457306239E+05
    0.503743661211297159E-02    0.203784502979481629E-02    0.160084652100140379E+01    0.200437682676505007E-02    0.212578382037310106E-02    0.202484445154088810E+00    0.193724880461971755E+00    0.500427926457306239E+05
   -0.124126269627712199E-01    0.988098075985124891E-02    0.160011425783627970E+01    0.170067846414505264E-02    0.209909564384686042E-02    0.207381339155701505E+00    0.191015043387906536E+00    0.500424359105511830E+05
    0.836940880482928856E-03    0.695374309247030666E-02    0.160001879912159217E+01    0.141986015224572948E-02    0.248295253515413462E-02    0.202324004284343717E+00    0.194098045092369886E+00    0.500423741397860431E+05
    0.211992999590114193E-02   -0.925067327217481486E-02    0.160090735686547392E+01    0.135059696604662000E-02    0.164699213504379007E-02    0.205278118455809649E+00    0.193336427541893646E+00    0.500430009503417459E+05
